# 1st column: hole doping
# 2nd column: interaction units of W=2
# 3rd column: normalized magnetic moment 

 0  12.5  0.001515
 0.0166667  12.5  0.00295319
 0.0333333  12.5 -0.00092
 0.05  12.5  0.00402667
 0.0666667  12.5  0.00171455
 0.0833333  12.5  0.00204093
 0.1  12.5 -5.71429e-06
 0.116667  12.5  0.000148293
 0.133333  12.5 -0.000224
 0.15  12.5 -0.000381538
 0.166667  12.5 -0.000370526
 0.183333  12.5 -0.000501622
 0.2  12.5 -0.0006
 0.216667  12.5 -0.000765714
 0.233333  12.5 -0.000849412
 0.25  12.5 -0.00134545
 0.266667  12.5 -0.00161
 0.283333  12.5 -0.00204645
 0.3  12.5 -0.002392
 0.316667  12.5 -0.00348138
 0.333333  12.5 -0.00329429
 0.35  12.5 -0.00393778
 0.366667  12.5 -0.00453846
 0.383333  12.5 -0.0050912
 0.4  12.5 -0.00595
 0.416667  12.5 -0.00646713
 0.433333  12.5 -0.00753636
 0.45  12.5 -0.008416
 0.466667  12.5 -0.009182
 0.483333  12.5 -0.009896
 0.5  12.5 -0.0109267

# IsoCurve 1, 31 points
 0  10.25  0.00225
 0.0166667  10.25 -0.00317957
 0.0333333  10.25  0.00162087
 0.05  10.25  0.00184533
 0.0666667  10.25  0.00306182
 0.0833333  10.25  0.00154977
 0.1  10.25  0.000828571
 0.116667  10.25 -0.00014439
 0.133333  10.25 -7.4e-05
 0.15  10.25 -0.000430769
 0.166667  10.25 -0.000673684
 0.183333  10.25 -0.000748108
 0.2  10.25 -0.00106
 0.216667  10.25 -0.000957714
 0.233333  10.25 -0.00125176
 0.25  10.25 -0.00182545
 0.266667  10.25 -0.0020675
 0.283333  10.25 -0.0028671
 0.3  10.25 -0.0034
 0.316667  10.25 -0.00406069
 0.333333  10.25 -0.00490571
 0.35  10.25 -0.00561778
 0.366667  10.25 -0.00650462
 0.383333  10.25 -0.0072032
 0.4  10.25 -0.00816
 0.416667  10.25 -0.00949635
 0.433333  10.25 -0.010688
 0.45  10.25 -0.0117223
 0.466667  10.25 -0.012938
 0.483333  10.25 -0.0146505
 0.5  10.25 -0.0156813

 0  8.45  0.003315
 0.0166667  8.45  0.00304511
 0.0333333  8.45  0.0018713
 0.05  8.45  0.00289067
 0.0666667  8.45  0.00294727
 0.0833333  8.45  0.00246512
 0.1  8.45  0.000897143
 0.116667  8.45  0.00128976
 0.133333  8.45 -0.00011
 0.15  8.45 -0.000338462
 0.166667  8.45 -0.000395789
 0.183333  8.45 -0.00114378
 0.2  8.45 -0.00118
 0.216667  8.45 -0.00134171
 0.233333  8.45 -0.00185176
 0.25  8.45 -0.00253091
 0.266667  8.45 -0.0029825
 0.283333  8.45 -0.00367226
 0.3  8.45 -0.004808
 0.316667  8.45 -0.0056331
 0.333333  8.45 -0.00660286
 0.35  8.45 -0.00768889
 0.366667  8.45 -0.00886769
 0.383333  8.45 -0.0101888
 0.4  8.45 -0.01163
 0.416667  8.45 -0.0131329
 0.433333  8.45 -0.01472
 0.45  8.45 -0.0164114
 0.466667  8.45 -0.018446
 0.483333  8.45 -0.0200442
 0.5  8.45 -0.0220133

 0  6.95  0.0049
 0.0166667  6.95  0.00489872
 0.0333333  6.95  0.0048713
 0.05  6.95  0.004464
 0.0666667  6.95  0.00755091
 0.0833333  6.95  0.00445209
 0.1  6.95  0.00570857
 0.116667  6.95  0.00403512
 0.133333  6.95  0.00313
 0.15  6.95  0.00189538
 0.166667  6.95 -0.00213895
 0.183333  6.95 -0.000923243
 0.2  6.95 -0.00147333
 0.216667  6.95 -0.00241143
 0.233333  6.95 -0.00284706
 0.25  6.95 -0.00351273
 0.266667  6.95 -0.00425
 0.283333  6.95 -0.00529032
 0.3  6.95 -0.00632
 0.316667  6.95 -0.00723034
 0.333333  6.95 -0.00879714
 0.35  6.95 -0.01032
 0.366667  6.95 -0.0119415
 0.383333  6.95 -0.0136832
 0.4  6.95 -0.01569
 0.416667  6.95 -0.0178786
 0.433333  6.95 -0.0203851
 0.45  6.95 -0.0225646
 0.466667  6.95 -0.025112
 0.483333  6.95 -0.0278745
 0.5  6.95 -0.0305307

 0  5.7  0.007285
 0.0166667  5.7  0.00745702
 0.0333333  5.7  0.00775652
 0.05  5.7  0.00737067
 0.0666667  5.7  0.00750182
 0.0833333  5.7  0.0072986
 0.1  5.7  0.00695429
 0.116667  5.7  0.00642341
 0.133333  5.7  0.005788
 0.15  5.7  0.00507077
 0.166667  5.7  0.00408842
 0.183333  5.7  0.00210595
 0.2  5.7 -0.0015
 0.216667  5.7 -0.00263086
 0.233333  5.7 -0.00509882
 0.25  5.7 -0.00414545
 0.266667  5.7 -0.0056675
 0.283333  5.7 -0.00676129
 0.3  5.7 -0.00784
 0.316667  5.7 -0.00990345
 0.333333  5.7 -0.0114629
 0.35  5.7 -0.0134133
 0.366667  5.7 -0.0157077
 0.383333  5.7 -0.0178304
 0.4  5.7 -0.0211
 0.416667  5.7 -0.023984
 0.433333  5.7 -0.027236
 0.45  5.7 -0.0304343
 0.466667  5.7 -0.0340244
 0.483333  5.7 -0.0374973
 0.5  5.7 -0.0414373

 0  4.685  0.010785
 0.0166667  4.685  0.0110723
 0.0333333  4.685  0.0113722
 0.05  4.685  0.0120427
 0.0666667  4.685  0.0117236
 0.0833333  4.685  0.0117191
 0.1  4.685  0.0115829
 0.116667  4.685  0.0112527
 0.133333  4.685  0.01072
 0.15  4.685  0.00998769
 0.166667  4.685  0.00901474
 0.183333  4.685  0.00783351
 0.2  4.685  0.00638
 0.216667  4.685  0.00434971
 0.233333  4.685  0.00232706
 0.25  4.685 -0.000981818
 0.266667  4.685 -0.006635
 0.283333  4.685 -0.00952516
 0.3  4.685 -0.009952
 0.316667  4.685 -0.0122786
 0.333333  4.685 -0.0143857
 0.35  4.685 -0.0170044
 0.366667  4.685 -0.0200185
 0.383333  4.685 -0.0230336
 0.4  4.685 -0.02704
 0.416667  4.685 -0.0307123
 0.433333  4.685 -0.0347873
 0.45  4.685 -0.03956
 0.466667  4.685 -0.044714
 0.483333  4.685 -0.049592
 0.5  4.685 -0.0551853

 0  3.85  0.01597
 0.0166667  3.85  0.0165362
 0.0333333  3.85  0.0170122
 0.05  3.85  0.017584
 0.0666667  3.85  0.0180345
 0.0833333  3.85  0.0183721
 0.1  3.85  0.0186743
 0.116667  3.85  0.0188624
 0.133333  3.85  0.018928
 0.15  3.85  0.0188554
 0.166667  3.85  0.0186211
 0.183333  3.85  0.0182119
 0.2  3.85  0.0176067
 0.216667  3.85  0.0167886
 0.233333  3.85  0.0156824
 0.25  3.85  0.01424
 0.266667  3.85  0.0125425
 0.283333  3.85  0.0106581
 0.3  3.85  0.007696
 0.316667  3.85  0.00524966
 0.333333  3.85  0.00169429
 0.35  3.85 -0.00465778
 0.366667  3.85 -0.0107415
 0.383333  3.85 -0.0180512
 0.4  3.85 -0.02973
 0.416667  3.85 -0.0373009
 0.433333  3.85 -0.0412116
 0.45  3.85 -0.046616
 0.466667  3.85 -0.0421304
 0.483333  3.85 -0.0416669
 0.5  3.85 -0.0493093

 0  3.165  0.02362
 0.0166667  3.165  0.0245328
 0.0333333  3.165  0.0252713
 0.05  3.165  0.0264693
 0.0666667  3.165  0.0269091
 0.0833333  3.165  0.0276763
 0.1  3.165  0.0283657
 0.116667  3.165  0.02896
 0.133333  3.165  0.02944
 0.15  3.165  0.0297846
 0.166667  3.165  0.0299516
 0.183333  3.165  0.0299459
 0.2  3.165  0.0297133
 0.216667  3.165  0.0292343
 0.233333  3.165  0.0285153
 0.25  3.165  0.0274618
 0.266667  3.165  0.026095
 0.283333  3.165  0.0242916
 0.3  3.165  0.022168
 0.316667  3.165  0.0194759
 0.333333  3.165  0.0163514
 0.35  3.165  0.0129511
 0.366667  3.165  0.00854154
 0.383333  3.165  0.0039136
 0.4  3.165 -0.00218
 0.416667  3.165 -0.00883374
 0.433333  3.165 -0.0164087
 0.45  3.165 -0.0255131
 0.466667  3.165 -0.0346784
 0.483333  3.165 -0.0459718
 0.5  3.165 -0.057372

 0  2.6  0.03494
 0.0166667  2.6  0.0346894
 0.0333333  2.6  0.0373287
 0.05  2.6  0.0394667
 0.0666667  2.6  0.0397927
 0.0833333  2.6  0.0409712
 0.1  2.6  0.0420629
 0.116667  2.6  0.043038
 0.133333  2.6  0.043852
 0.15  2.6  0.0444677
 0.166667  2.6  0.0448884
 0.183333  2.6  0.0450011
 0.2  2.6  0.0448733
 0.216667  2.6  0.0443543
 0.233333  2.6  0.0435576
 0.25  2.6  0.0422182
 0.266667  2.6  0.04072
 0.283333  2.6  0.0382658
 0.3  2.6  0.03588
 0.316667  2.6  0.0326759
 0.333333  2.6  0.0292171
 0.35  2.6  0.0243644
 0.366667  2.6  0.0188985
 0.383333  2.6  0.01312
 0.4  2.6  0.006667
 0.416667  2.6 -0.00230678
 0.433333  2.6 -0.0118771
 0.45  2.6 -0.0221406
 0.466667  2.6 -0.0344396
 0.483333  2.6 -0.0473474
 0.5  2.6 -0.0620453

 0  2.135  0.051575
 0.0166667  2.135  0.0516221
 0.0333333  2.135  0.0550522
 0.05  2.135  0.056064
 0.0666667  2.135  0.0584473
 0.0833333  2.135  0.0601209
 0.1  2.135  0.0617143
 0.116667  2.135  0.0630927
 0.133333  2.135  0.064282
 0.15  2.135  0.0651569
 0.166667  2.135  0.0657747
 0.183333  2.135  0.0659719
 0.2  2.135  0.06586
 0.216667  2.135  0.0652274
 0.233333  2.135  0.0642471
 0.25  2.135  0.0627127
 0.266667  2.135  0.060625
 0.283333  2.135  0.0579458
 0.3  2.135  0.054712
 0.316667  2.135  0.0507503
 0.333333  2.135  0.0463514
 0.35  2.135  0.0406489
 0.366667  2.135  0.03448
 0.383333  2.135  0.027136
 0.4  2.135  0.018975
 0.416667  2.135  0.00907548
 0.433333  2.135 -0.00165418
 0.45  2.135 -0.0139554
 0.466667  2.135 -0.0275276
 0.483333  2.135 -0.0433027
 0.5  2.135 -0.060668

 0  1.755  0.075515
 0.0166667  1.755  0.0777209
 0.0333333  1.755  0.0801948
 0.05  1.755  0.082496
 0.0666667  1.755  0.08488
 0.0833333  1.755  0.0871181
 0.1  1.755  0.0892286
 0.116667  1.755  0.0910088
 0.133333  1.755  0.092518
 0.15  1.755  0.0936246
 0.166667  1.755  0.0942589
 0.183333  1.755  0.0943697
 0.2  1.755  0.0941
 0.216667  1.755  0.0931634
 0.233333  1.755  0.0917624
 0.25  1.755  0.0895127
 0.266667  1.755  0.0868075
 0.283333  1.755  0.0835019
 0.3  1.755  0.079536
 0.316667  1.755  0.0746593
 0.333333  1.755  0.0691171
 0.35  1.755  0.0623556
 0.366667  1.755  0.0549077
 0.383333  1.755  0.0462678
 0.4  1.755  0.036774
 0.416667  1.755  0.0256428
 0.433333  1.755  0.0135345
 0.45  1.755 -0.00028
 0.466667  1.755 -0.0155756
 0.483333  1.755 -0.0329878
 0.5  1.755 -0.052448

 0  1.445  0.10896
 0.0166667  1.445  0.111816
 0.0333333  1.445  0.115063
 0.05  1.445  0.118027
 0.0666667  1.445  0.12106
 0.0833333  1.445  0.123816
 0.1  1.445  0.126354
 0.116667  1.445  0.128343
 0.133333  1.445  0.12994
 0.15  1.445  0.130849
 0.166667  1.445  0.131314
 0.183333  1.445  0.131012
 0.2  1.445  0.130233
 0.216667  1.445  0.128491
 0.233333  1.445  0.126386
 0.25  1.445  0.123164
 0.266667  1.445  0.1195
 0.283333  1.445  0.115074
 0.3  1.445  0.109976
 0.316667  1.445  0.103898
 0.333333  1.445  0.0971714
 0.35  1.445  0.0891644
 0.366667  1.445  0.0804317
 0.383333  1.445  0.0704541
 0.4  1.445  0.059597
 0.416667  1.445  0.0472083
 0.433333  1.445  0.0337273
 0.45  1.445  0.0185246
 0.466667  1.445  0.0019132
 0.483333  1.445 -0.0170177
 0.5  1.445 -0.0379067

 0  1.185  0.155165
 0.0166667  1.185  0.158254
 0.0333333  1.185  0.162624
 0.05  1.185  0.166213
 0.0666667  1.185  0.169775
 0.0833333  1.185  0.172703
 0.1  1.185  0.175303
 0.116667  1.185  0.176993
 0.133333  1.185  0.178144
 0.15  1.185  0.178252
 0.166667  1.185  0.177949
 0.183333  1.185  0.176359
 0.2  1.185  0.174467
 0.216667  1.185  0.171397
 0.233333  1.185  0.16804
 0.25  1.185  0.163411
 0.266667  1.185  0.158485
 0.283333  1.185  0.152514
 0.3  1.185  0.146064
 0.316667  1.185  0.138508
 0.333333  1.185  0.130386
 0.35  1.185  0.120954
 0.366667  1.185  0.110883
 0.383333  1.185  0.0994979
 0.4  1.185  0.087327
 0.416667  1.185  0.0735948
 0.433333  1.185  0.0588596
 0.45  1.185  0.0423086
 0.466667  1.185  0.0244192
 0.483333  1.185  0.00424884
 0.5  1.185 -0.0178253

 0  0.975  0.21277
 0.0166667  0.975  0.209292
 0.0333333  0.975  0.221017
 0.05  0.975  0.224848
 0.0666667  0.975  0.228438
 0.0833333  0.975  0.230833
 0.1  0.975  0.232583
 0.116667  0.975  0.232931
 0.133333  0.975  0.232726
 0.15  0.975  0.231114
 0.166667  0.975  0.229158
 0.183333  0.975  0.225838
 0.2  0.975  0.22222
 0.216667  0.975  0.217429
 0.233333  0.975  0.212398
 0.25  0.975  0.206145
 0.266667  0.975  0.199668
 0.283333  0.975  0.192052
 0.3  0.975  0.184144
 0.316667  0.975  0.175023
 0.333333  0.975  0.1655
 0.35  0.975  0.154697
 0.366667  0.975  0.143369
 0.383333  0.975  0.130675
 0.4  0.975  0.117326
 0.416667  0.975  0.102375
 0.433333  0.975  0.0865251
 0.45  0.975  0.068832
 0.466667  0.975  0.0498952
 0.483333  0.975  0.0286366
 0.5  0.975  0.005668

 0  0.8  0.28045
 0.0166667  0.8  0.281481
 0.0333333  0.8  0.288781
 0.05  0.8  0.291739
 0.0666667  0.8  0.293985
 0.0833333  0.8  0.294255
 0.1  0.8  0.29388
 0.116667  0.8  0.291836
 0.133333  0.8  0.289342
 0.15  0.8  0.285422
 0.166667  0.8  0.281288
 0.183333  0.8  0.275907
 0.2  0.8  0.270347
 0.216667  0.8  0.263687
 0.233333  0.8  0.256896
 0.25  0.8  0.24896
 0.266667  0.8  0.240925
 0.283333  0.8  0.231785
 0.3  0.8  0.222456
 0.316667  0.8  0.211981
 0.333333  0.8  0.201186
 0.35  0.8  0.189154
 0.366667  0.8  0.176708
 0.383333  0.8  0.162911
 0.4  0.8  0.148546
 0.416667  0.8  0.132581
 0.433333  0.8  0.115807
 0.45  0.8  0.0971634
 0.466667  0.8  0.0773584
 0.483333  0.8  0.0552387
 0.5  0.8  0.0314147

 0  0.66  0.348795
 0.0166667  0.66  0.347496
 0.0333333  0.66  0.355104
 0.05  0.66  0.355376
 0.0666667  0.66  0.354875
 0.0833333  0.66  0.352223
 0.1  0.66  0.349097
 0.116667  0.66  0.344431
 0.133333  0.66  0.339592
 0.15  0.66  0.333502
 0.166667  0.66  0.327394
 0.183333  0.66  0.320184
 0.2  0.66  0.312973
 0.216667  0.66  0.304747
 0.233333  0.66  0.296538
 0.25  0.66  0.287273
 0.266667  0.66  0.27799
 0.283333  0.66  0.267678
 0.3  0.66  0.25726
 0.316667  0.66  0.245725
 0.333333  0.66  0.233983
 0.35  0.66  0.221036
 0.366667  0.66  0.207748
 0.383333  0.66  0.193132
 0.4  0.66  0.178017
 0.416667  0.66  0.161302
 0.433333  0.66  0.143846
 0.45  0.66  0.12453
 0.466667  0.66  0.104127
 0.483333  0.66  0.0813507
 0.5  0.66  0.0569933

 0  0.54  0.41459
 0.0166667  0.54  0.414982
 0.0333333  0.54  0.415266
 0.05  0.54  0.412107
 0.0666667  0.54  0.408209
 0.0833333  0.54  0.402679
 0.1  0.54  0.39704
 0.116667  0.54  0.390283
 0.133333  0.54  0.38347
 0.15  0.54  0.37584
 0.166667  0.54  0.36808
 0.183333  0.54  0.359564
 0.2  0.54  0.35107
 0.216667  0.54  0.341729
 0.233333  0.54  0.33243
 0.25  0.54  0.322215
 0.266667  0.54  0.312013
 0.283333  0.54  0.300852
 0.3  0.54  0.289628
 0.316667  0.54  0.277337
 0.333333  0.54  0.264871
 0.35  0.54  0.251292
 0.366667  0.54  0.23741
 0.383333  0.54  0.222221
 0.4  0.54  0.206563
 0.416667  0.54  0.189338
 0.433333  0.54  0.171387
 0.45  0.54  0.151593
 0.466667  0.54  0.13077
 0.483333  0.54  0.107569
 0.5  0.54  0.0828787

 0  0.445  0.4664
 0.0166667  0.445  0.464116
 0.0333333  0.445  0.460157
 0.05  0.445  0.454165
 0.0666667  0.445  0.447924
 0.0833333  0.445  0.440605
 0.1  0.445  0.433393
 0.116667  0.445  0.425401
 0.133333  0.445  0.417383
 0.15  0.445  0.4089
 0.166667  0.445  0.400089
 0.183333  0.445  0.390879
 0.2  0.445  0.381529
 0.216667  0.445  0.371537
 0.233333  0.445  0.361564
 0.25  0.445  0.350806
 0.266667  0.445  0.340017
 0.283333  0.445  0.328373
 0.3  0.445  0.31664
 0.316667  0.445  0.303925
 0.333333  0.445  0.291035
 0.35  0.445  0.277071
 0.366667  0.445  0.262822
 0.383333  0.445  0.247344
 0.4  0.445  0.231316
 0.416667  0.445  0.213813
 0.433333  0.445  0.195581
 0.45  0.445  0.175514
 0.466667  0.445  0.154443
 0.483333  0.445  0.131029
 0.5  0.445  0.106112

 0  0.365  0.505638
 0.0166667  0.365  0.500347
 0.0333333  0.365  0.493771
 0.05  0.365  0.486187
 0.0666667  0.365  0.478625
 0.0833333  0.365  0.470413
 0.1  0.365  0.462251
 0.116667  0.365  0.453684
 0.133333  0.365  0.444885
 0.15  0.365  0.435789
 0.166667  0.365  0.426531
 0.183333  0.365  0.416815
 0.2  0.365  0.407062
 0.216667  0.365  0.396737
 0.233333  0.365  0.386343
 0.25  0.365  0.375297
 0.266667  0.365  0.364143
 0.283333  0.365  0.352249
 0.3  0.365  0.340185
 0.316667  0.365  0.327261
 0.333333  0.365  0.314104
 0.35  0.365  0.299957
 0.366667  0.365  0.285466
 0.383333  0.365  0.269863
 0.4  0.365  0.253611
 0.416667  0.365  0.236006
 0.433333  0.365  0.217592
 0.45  0.365  0.197371
 0.466667  0.365  0.176234
 0.483333  0.365  0.152763
 0.5  0.365  0.127736

 0  0.3  0.532943
 0.0166667  0.3  0.525995
 0.0333333  0.3  0.518143
 0.05  0.3  0.509913
 0.0666667  0.3  0.501686
 0.0833333  0.3  0.493078
 0.1  0.3  0.484451
 0.116667  0.3  0.475461
 0.133333  0.3  0.466431
 0.15  0.3  0.457079
 0.166667  0.3  0.447546
 0.183333  0.3  0.437633
 0.2  0.3  0.427634
 0.216667  0.3  0.417152
 0.233333  0.3  0.406546
 0.25  0.3  0.395367
 0.266667  0.3  0.38402
 0.283333  0.3  0.372025
 0.3  0.3  0.359806
 0.316667  0.3  0.3468
 0.333333  0.3  0.333505
 0.35  0.3  0.319287
 0.366667  0.3  0.304683
 0.383333  0.3  0.289045
 0.4  0.3  0.2727
 0.416667  0.3  0.255066
 0.433333  0.3  0.236579
 0.45  0.3  0.216391
 0.466667  0.3  0.195202
 0.483333  0.3  0.171798
 0.5  0.3  0.146749

