# density-of-states of generlized Kondo-Heisenberg model
# t=0.5 U=20 Jh=10 L=200 S=1/2
# omega, DOS(omega)

# n=1.33
-23.74  0.00108827
-23.59  0.00117366
-23.44  0.0012554
-23.29  0.00144803
-23.14  0.00152664
-22.99  0.00134532
-22.84  0.00148106
-22.69  0.00167633
-22.54  0.0018602
-22.39  0.00218342
-22.24  0.00212278
-22.09  0.00206483
-21.94  0.00235441
-21.79  0.00306123
-21.64  0.0039266
-21.49  0.00411738
-21.34  0.00370835
-21.19  0.00512294
-21.04  0.00563118
-20.89  0.00729012
-20.74  0.00749197
-20.59  0.00881
-20.44  0.00694383
-20.29  0.00667868
-20.14  0.00751279
-19.99  0.00736099
-19.84  0.00799502
-19.69  0.00849892
-19.54  0.00885174
-19.39  0.00968078
-19.24  0.00961066
-19.09  0.0111088
-18.94  0.0119148
-18.79  0.0132175
-18.64  0.0160296
-18.49  0.0187587
-18.34  0.0193486
-18.19  0.0236984
-18.04  0.0276927
-17.89  0.0371613
-17.74  0.0492384
-17.59  0.0622903
-17.44  0.0923992
-17.29  0.139547
-17.14  0.195485
-16.99  0.247733
-16.84  0.334252
-16.69  0.369849
-16.54  0.346742
-16.39  0.225939
-16.24  0.116217
-16.09  0.0641554
-15.94  0.0384158
-15.79  0.0261421
-15.64  0.0192915
-15.49  0.0151886
-15.34  0.012473
-15.19  0.0105408
-15.04  0.00894958
-14.89  0.00792111
-14.74  0.00705818
-14.59  0.00636189
-14.44  0.00584123
-14.29  0.00532949
-14.14  0.00500373
-13.99  0.0049183
-13.84  0.00471291
-13.69  0.00467455
-13.54  0.00468681
-13.39  0.00463024
-13.24  0.00471618
-13.09  0.00482183
-12.94  0.00490379
-12.79  0.00490951
-12.64  0.0050256
-12.49  0.00521196
-12.34  0.00536557
-12.19  0.00581252
-12.04  0.00601358
-11.89  0.0064537
-11.74  0.00660803
-11.59  0.00738793
-11.44  0.00769758
-11.29  0.00843562
-11.14  0.00929754
-10.99  0.0104887
-10.84  0.0119105
-10.69  0.0135362
-10.54  0.0159735
-10.39  0.0195222
-10.24  0.0233625
-10.09  0.025783
-9.94  0.0293361
-9.79  0.0334599
-9.64  0.0371261
-9.49  0.0393957
-9.34  0.0449203
-9.19  0.0500561
-9.04  0.0547597
-8.89  0.0604471
-8.74  0.0680788
-8.59  0.0765829
-8.44  0.0849833
-8.29  0.0971782
-8.14  0.110931
-7.99  0.126477
-7.84  0.145054
-7.69  0.168928
-7.54  0.207374
-7.39  0.256233
-7.24  0.341002
-7.09  0.47518
-6.94  0.641394
-6.79  0.78495
-6.64  0.816883
-6.49  0.897055
-6.34  0.851898
-6.19  0.715347
-6.04  0.691415
-5.89  0.837844
-5.74  0.811875
-5.59  0.863436
-5.44  0.833797
-5.29  0.799429
-5.14  0.887252
-4.99  0.796129
-4.84  0.858061
-4.69  0.808361
-4.54  0.694505
-4.39  0.542428
-4.24  0.328102
-4.09  0.185495
-3.94  0.117583
-3.79  0.0840813
-3.64  0.0639859
-3.49  0.0517513
-3.34  0.0427622
-3.19  0.0361566
-3.04  0.0320667
-2.89  0.0281937
-2.74  0.0254206
-2.59  0.023305
-2.44  0.0218194
-2.29  0.0202639
-2.14  0.0193543
-1.99  0.0183843
-1.84  0.0180746
-1.69  0.0173297
-1.54  0.0177495
-1.39  0.0175773
-1.24  0.0182129
-1.09  0.01853
-0.94  0.0198153
-0.79  0.020572
-0.64  0.0221082
-0.49  0.0241783
-0.34  0.026007
-0.19  0.0278233
-0.04  0.0297752
 0.11  0.0315959
 0.26  0.0329966
 0.41  0.034822
 0.56  0.0368304
 0.71  0.0386484
 0.86  0.0404358
 1.01  0.0424415
 1.16  0.044907
 1.31  0.0478749
 1.46  0.0517185
 1.61  0.0571158
 1.76  0.0646263
 1.91  0.0740796
 2.06  0.086878
 2.21  0.1039
 2.36  0.128044
 2.51  0.164585
 2.66  0.224543
 2.81  0.331396
 2.96  0.535286
 3.11  0.916754
 3.26  1.41449
 3.41  1.53121
 3.56  1.41689
 3.71  1.26856
 3.86  1.12692
 4.01  1.00335
 4.16  0.913213
 4.31  0.924961
 4.46  0.945952
 4.61  0.945439
 4.76  0.966576
 4.91  0.973457
 5.06  0.952647
 5.21  0.949515
 5.36  0.918306
 5.51  0.923001
 5.66  0.892112
 5.81  0.838176
 5.96  0.7854
 6.11  0.76966
 6.26  0.829956
 6.41  0.921372
 6.56  0.996007
 6.71  0.985379
 6.86  0.791943
 7.01  0.513154
 7.16  0.327348
 7.31  0.226356
 7.46  0.170148
 7.61  0.133611
 7.76  0.109562
 7.91  0.0935321
 8.06  0.0818232
 8.21  0.0707447
 8.36  0.0623901
 8.51  0.0524829
 8.66  0.0441634
 8.81  0.032265
 8.96  0.0318624
 9.11  0.024455
 9.26  0.0241549

# n=1.50
-23  0.00193994
-22.85  0.00207667
-22.7  0.00223754
-22.55  0.00256463
-22.4  0.00258311
-22.25  0.00272949
-22.1  0.0030754
-21.95  0.00340365
-21.8  0.0034184
-21.65  0.00379422
-21.5  0.00370097
-21.35  0.00394572
-21.2  0.00401777
-21.05  0.00443055
-20.9  0.00479424
-20.75  0.00538575
-20.6  0.00607455
-20.45  0.00664946
-20.3  0.00644104
-20.15  0.00703332
-20  0.00662415
-19.85  0.00780788
-19.7  0.00853357
-19.55  0.00940225
-19.4  0.010515
-19.25  0.0114335
-19.1  0.0128922
-18.95  0.0144492
-18.8  0.0156652
-18.65  0.0183533
-18.5  0.0226816
-18.35  0.0273521
-18.2  0.0338282
-18.05  0.0417761
-17.9  0.044865
-17.75  0.0613801
-17.6  0.0831319
-17.45  0.123515
-17.3  0.13669
-17.15  0.158987
-17  0.246728
-16.85  0.230149
-16.7  0.334196
-16.55  0.365753
-16.4  0.473625
-16.25  0.443833
-16.1  0.469582
-15.95  0.421604
-15.8  0.341505
-15.65  0.220476
-15.5  0.122802
-15.35  0.0753067
-15.2  0.0516211
-15.05  0.0379572
-14.9  0.0293453
-14.75  0.0236054
-14.6  0.019568
-14.45  0.0166722
-14.3  0.0145611
-14.15  0.0128375
-14  0.0115432
-13.85  0.0105307
-13.7  0.00973929
-13.55  0.00918835
-13.4  0.00869573
-13.25  0.00819179
-13.1  0.00810207
-12.95  0.00786347
-12.8  0.00760565
-12.65  0.00752254
-12.5  0.00753278
-12.35  0.00755202
-12.2  0.00783027
-12.05  0.00797122
-11.9  0.00823619
-11.75  0.00855978
-11.6  0.00889615
-11.45  0.00929618
-11.3  0.0100256
-11.15  0.0106998
-11  0.0112919
-10.85  0.0124462
-10.7  0.0132867
-10.55  0.0143085
-10.4  0.0160428
-10.25  0.0179308
-10.1  0.0202976
-9.95  0.0227488
-9.8  0.0259613
-9.65  0.0292703
-9.5  0.0334324
-9.35  0.0405688
-9.2  0.0473504
-9.05  0.0572995
-8.9  0.0639629
-8.75  0.0760794
-8.6  0.0771958
-8.45  0.0857696
-8.3  0.103646
-8.15  0.120082
-8  0.130013
-7.85  0.156564
-7.7  0.186466
-7.55  0.228891
-7.4  0.304122
-7.25  0.404179
-7.1  0.628213
-6.95  0.797015
-6.8  0.84375
-6.65  0.718831
-6.5  0.69955
-6.35  0.593906
-6.2  0.618691
-6.05  0.59249
-5.9  0.552142
-5.75  0.55421
-5.6  0.560307
-5.45  0.581357
-5.3  0.626845
-5.15  0.596556
-5  0.413723
-4.85  0.228385
-4.7  0.137324
-4.55  0.0926288
-4.4  0.0678058
-4.25  0.0525261
-4.1  0.0424946
-3.95  0.0354244
-3.8  0.0304153
-3.65  0.0265739
-3.5  0.0236117
-3.35  0.021343
-3.2  0.0196069
-3.05  0.0182872
-2.9  0.0172857
-2.75  0.0167566
-2.6  0.0160099
-2.45  0.0156916
-2.3  0.0153377
-2.15  0.0150743
-2  0.014995
-1.85  0.0149219
-1.7  0.0149274
-1.55  0.0149969
-1.4  0.0149614
-1.25  0.014951
-1.1  0.0153138
-0.95  0.0155869
-0.8  0.0163448
-0.65  0.0173603
-0.5  0.0184478
-0.35  0.0197951
-0.2  0.0213072
-0.05  0.0229459
 0.1  0.0253361
 0.25  0.0274642
 0.4  0.0303051
 0.55  0.03365
 0.7  0.0372783
 0.85  0.0413362
 1  0.0462824
 1.15  0.0518594
 1.3  0.0584277
 1.45  0.0656006
 1.6  0.074749
 1.75  0.0864391
 1.9  0.101463
 2.05  0.122114
 2.2  0.151653
 2.35  0.197617
 2.5  0.27478
 2.65  0.416571
 2.8  0.701454
 2.95  1.2435
 3.1  1.63392
 3.25  1.57941
 3.4  1.45357
 3.55  1.35306
 3.7  1.27854
 3.85  1.22325
 4  1.21279
 4.15  1.18448
 4.3  1.16185
 4.45  1.14023
 4.6  1.11434
 4.75  1.08464
 4.9  1.01478
 5.05  0.867475
 5.2  0.764824
 5.35  0.72123
 5.5  0.705926
 5.65  0.705813
 5.8  0.716435
 5.95  0.736354
 6.1  0.714572
 6.25  0.765655
 6.4  0.83226
 6.55  0.922331
 6.7  1.04365
 6.85  1.16646
 7  1.03706
 7.15  0.587364
 7.3  0.314734
 7.45  0.191266
 7.6  0.129155
 7.75  0.093992
 7.9  0.0720177
 8.05  0.0573046
 8.2  0.0467271
 8.35  0.0389998
 8.5  0.0333612
 8.65  0.0288998
 8.8  0.0252972
 8.95  0.0224367
 9.1  0.0200835
 9.25  0.0181316
 9.4  0.01661
 9.55  0.0151927
 9.7  0.0139809
 9.85  0.0130155
 10  0.0121072

# n=1.80
-21.388  0.00354095
-21.238  0.00374476
-21.088  0.00393749
-20.938  0.00419375
-20.788  0.00433662
-20.638  0.00471589
-20.488  0.00516048
-20.338  0.0054289
-20.188  0.00598741
-20.038  0.00642514
-19.888  0.00723147
-19.738  0.00802176
-19.588  0.00896064
-19.438  0.00997116
-19.288  0.0110201
-19.138  0.0121203
-18.988  0.0139422
-18.838  0.0155298
-18.688  0.0175294
-18.538  0.0206799
-18.388  0.0243739
-18.238  0.0280078
-18.088  0.0306133
-17.938  0.0371931
-17.788  0.0439015
-17.638  0.0492006
-17.488  0.0576959
-17.338  0.0754664
-17.188  0.084783
-17.038  0.1318
-16.888  0.148003
-16.738  0.191579
-16.588  0.252251
-16.438  0.385517
-16.288  0.548296
-16.138  0.647307
-15.988  0.670651
-15.838  0.613378
-15.688  0.573131
-15.538  0.471089
-15.388  0.468687
-15.238  0.417736
-15.088  0.498975
-14.938  0.45877
-14.788  0.477227
-14.638  0.478609
-14.488  0.450072
-14.338  0.286701
-14.188  0.158843
-14.038  0.0979331
-13.888  0.0674829
-13.738  0.0500925
-13.588  0.0391458
-13.438  0.0317845
-13.288  0.02656
-13.138  0.0227486
-12.988  0.0197674
-12.838  0.0176387
-12.688  0.0156763
-12.538  0.0142454
-12.388  0.0130694
-12.238  0.0120895
-12.088  0.0113944
-11.938  0.0107793
-11.788  0.0102439
-11.638  0.00987035
-11.488  0.00959756
-11.338  0.00935367
-11.188  0.00927057
-11.038  0.00928743
-10.888  0.00948088
-10.738  0.0100113
-10.588  0.0105092
-10.438  0.0107823
-10.288  0.0109523
-10.138  0.0110927
-9.988  0.0115254
-9.838  0.0118648
-9.688  0.0123888
-9.538  0.0132972
-9.388  0.0142182
-9.238  0.0154197
-9.088  0.0169408
-8.938  0.0189351
-8.788  0.0210229
-8.638  0.0234858
-8.488  0.0270952
-8.338  0.0318472
-8.188  0.0385341
-8.038  0.0476551
-7.888  0.0608342
-7.738  0.0810597
-7.588  0.114385
-7.438  0.173539
-7.288  0.287147
-7.138  0.514037
-6.988  0.804249
-6.838  0.888985
-6.688  0.762393
-6.538  0.453789
-6.388  0.236983
-6.238  0.138401
-6.088  0.090255
-5.938  0.0637946
-5.788  0.0478252
-5.638  0.03747
-5.488  0.0303583
-5.338  0.02537
-5.188  0.021704
-5.038  0.0189129
-4.888  0.0169831
-4.738  0.0152448
-4.588  0.013941
-4.438  0.0129583
-4.288  0.01209
-4.138  0.0114983
-3.988  0.0110024
-3.838  0.0106922
-3.688  0.0102707
-3.538  0.0100318
-3.388  0.00975397
-3.238  0.00972214
-3.088  0.00962174
-2.938  0.00978727
-2.788  0.00972933
-2.638  0.00986093
-2.488  0.0100263
-2.338  0.0102267
-2.188  0.0107616
-2.038  0.0109287
-1.888  0.0114688
-1.738  0.0115786
-1.588  0.0120423
-1.438  0.0124758
-1.288  0.0132053
-1.138  0.0138342
-0.988  0.0146677
-0.838  0.0154093
-0.688  0.0165185
-0.538  0.0180889
-0.388  0.0193086
-0.238  0.0210589
-0.088  0.02282
 0.062  0.024737
 0.212  0.0268923
 0.362  0.0292967
 0.512  0.0322165
 0.662  0.035209
 0.812  0.0388825
 0.962  0.0432093
 1.112  0.0477331
 1.262  0.0538639
 1.412  0.0611566
 1.562  0.0701338
 1.712  0.0815293
 1.862  0.095875
 2.012  0.115519
 2.162  0.142912
 2.312  0.183638
 2.462  0.248606
 2.612  0.363563
 2.762  0.594423
 2.912  1.07526
 3.062  1.58274
 3.212  1.5994
 3.362  1.47041
 3.512  1.36087
 3.662  1.27913
 3.812  1.21886
 3.962  1.17248
 4.112  1.1355
 4.262  1.10572
 4.412  1.08271
 4.562  1.06395
 4.712  1.04964
 4.862  1.03878
 5.012  1.03069
 5.162  1.02475
 5.312  1.02102
 5.462  1.01841
 5.612  1.04904
 5.762  1.05627
 5.912  1.0677
 6.062  1.08439
 6.212  1.10446
 6.362  1.1254
 6.512  1.14055
 6.662  1.16788
 6.812  1.24283
 6.962  1.18812
 7.112  0.747396
 7.262  0.407253
 7.412  0.249985
 7.562  0.171592
 7.712  0.07278
 7.862  0.0526066
 8.012  0.0397185
 8.162  0.0309779
 8.312  0.0247784
 8.462  0.020261
 8.612  0.0168626
 8.762  0.0142377
 8.912  0.0121912
 9.062  0.0105857
 9.212  0.00926698
 9.362  0.00826181
 9.512  0.00738456
 9.662  0.00668844
 9.812  0.00607288
 9.962  0.00550934
 10.112  0.00507499
 10.262  0.00463877
 10.412  0.00433347
 10.562  0.00396362
 10.712  0.00366608
 10.862  0.00340533
 11.012  0.00312896
 11.162  0.0029148
 11.312  0.00270201
 11.462  0.0025117
 11.612  0.00233987
