# amplitude of the charge density oscillations
# two-orbital Hubbard model
# t=0.5 L=60 Jh=U/4 x=0.1
# x, U/W, amplitude

0 0.3 nan
0.0166667 0.3 0.0141843
0.0333333 0.3 0.0272188
0.05 0.3 0.0282128
0.0666667 0.3 0.0382889
0.0833333 0.3 0.0373488
0.1 0.3 0.0457782
0.116667 0.3 0.0451281
0.133333 0.3 0.0527188
0.15 0.3 0.052105
0.166667 0.3 0.0591041
0.183333 0.3 0.0577681
0.2 0.3 0.0644199
0.216667 0.3 0.0639081
0.233333 0.3 0.0696501
0.25 0.3 0.0693955
0.266667 0.3 0.0750938
0.283333 0.3 0.0744634
0.3 0.3 0.0800703
0.316667 0.3 0.0796552
0.333333 0.3 0.0851576
0.35 0.3 0.0856074
0.366667 0.3 0.091228
0.383333 0.3 0.0913243
0.4 0.3 0.0959482
0.416667 0.3 0.096464
0.433333 0.3 0.100384
0.45 0.3 0.100559
0.466667 0.3 0.104374
0.483333 0.3 0.104009
0.5 0.3 0.107083
0 0 0
0 0.365 0.00447158
0.0166667 0.365 0.0187255
0.0333333 0.365 0.0263195
0.05 0.365 0.0260759
0.0666667 0.365 0.0350554
0.0833333 0.365 0.0329955
0.1 0.365 0.0405949
0.116667 0.365 0.0401935
0.133333 0.365 0.0458929
0.15 0.365 0.0449377
0.166667 0.365 0.0515169
0.183333 0.365 0.0499535
0.2 0.365 0.0559523
0.216667 0.365 0.0550473
0.233333 0.365 0.0607477
0.25 0.365 0.0601396
0.266667 0.365 0.0655069
0.283333 0.365 0.0648651
0.3 0.365 0.0700021
0.316667 0.365 0.0700718
0.333333 0.365 0.0747846
0.35 0.365 0.0754505
0.366667 0.365 0.0808169
0.383333 0.365 0.0814678
0.4 0.365 0.086093
0.416667 0.365 0.0868353
0.433333 0.365 0.090913
0.45 0.365 0.0914448
0.466667 0.365 0.0952161
0.483333 0.365 0.0952568
0.5 0.365 0.0984306
0 0 0
0 0.445 0.00447205
0.0166667 0.445 0.0239797
0.0333333 0.445 0.0272167
0.05 0.445 0.0267465
0.0666667 0.445 0.0323783
0.0833333 0.445 0.031763
0.1 0.445 0.036986
0.116667 0.445 0.0350354
0.133333 0.445 0.040409
0.15 0.445 0.0388833
0.166667 0.445 0.0443642
0.183333 0.445 0.0423943
0.2 0.445 0.047868
0.216667 0.445 0.0463626
0.233333 0.445 0.0513435
0.25 0.445 0.0503765
0.266667 0.445 0.0553331
0.283333 0.445 0.05441
0.3 0.445 0.0594424
0.316667 0.445 0.0591092
0.333333 0.445 0.0633543
0.35 0.445 0.0647066
0.366667 0.445 0.0698881
0.383333 0.445 0.0709154
0.4 0.445 0.0753251
0.416667 0.445 0.076305
0.433333 0.445 0.0802744
0.45 0.445 0.0812187
0.466667 0.445 0.0849223
0.483333 0.445 0.0854122
0.5 0.445 0.0887201
0 0 0
0 0.54 nan
0.0166667 0.54 0.0214009
0.0333333 0.54 0.0302572
0.05 0.54 0.030582
0.0666667 0.54 0.0335489
0.0833333 0.54 0.0317629
0.1 0.54 0.035492
0.116667 0.54 0.0337338
0.133333 0.54 0.0363967
0.15 0.54 0.0345253
0.166667 0.54 0.0386714
0.183333 0.54 0.0360229
0.2 0.54 0.0403458
0.216667 0.54 0.0383922
0.233333 0.54 0.0424962
0.25 0.54 0.0409722
0.266667 0.54 0.0454638
0.283333 0.54 0.044077
0.3 0.54 0.0480653
0.316667 0.54 0.0475815
0.333333 0.54 0.0518426
0.35 0.54 0.0530332
0.366667 0.54 0.0583381
0.383333 0.54 0.0592655
0.4 0.54 0.0641219
0.416667 0.54 0.0651479
0.433333 0.54 0.0693896
0.45 0.54 0.0704175
0.466667 0.54 0.0741424
0.483333 0.54 0.0748177
0.5 0.54 0.0784453
0 0 0
0 0.66 0
0.0166667 0.66 0.0332675
0.0333333 0.66 0.034912
0.05 0.66 0.037144
0.0666667 0.66 0.0383118
0.0833333 0.66 0.0359005
0.1 0.66 0.0373507
0.116667 0.66 0.0353387
0.133333 0.66 0.036465
0.15 0.66 0.0335844
0.166667 0.66 0.0354338
0.183333 0.66 0.0322997
0.2 0.66 0.0343505
0.216667 0.66 0.032241
0.233333 0.66 0.0348063
0.25 0.66 0.032241
0.266667 0.66 0.035645
0.283333 0.66 0.0333984
0.3 0.66 0.0369705
0.316667 0.66 0.0351866
0.333333 0.66 0.0388349
0.35 0.66 0.0410604
0.366667 0.66 0.046313
0.383333 0.66 0.0474791
0.4 0.66 0.0520862
0.416667 0.66 0.053407
0.433333 0.66 0.0573871
0.45 0.66 0.0585166
0.466667 0.66 0.0620941
0.483333 0.66 0.0632328
0.5 0.66 0.0667504
0 0 0
0 0.8 0
0.0166667 0.8 0.0317541
0.0333333 0.8 0.0401933
0.05 0.8 0.0452966
0.0666667 0.8 0.0460409
0.0833333 0.8 0.0434612
0.1 0.8 0.0425502
0.116667 0.8 0.0406825
0.133333 0.8 0.0401339
0.15 0.8 0.0363791
0.166667 0.8 0.0363569
0.183333 0.8 0.0325913
0.2 0.8 0.0321867
0.216667 0.8 0.0289287
0.233333 0.8 0.0297468
0.25 0.8 0.0264548
0.266667 0.8 0.0277186
0.283333 0.8 0.0249014
0.3 0.8 0.0265961
0.316667 0.8 0.0243569
0.333333 0.8 0.0264909
0.35 0.8 0.0289633
0.366667 0.8 0.0349957
0.383333 0.8 0.0367102
0.4 0.8 0.0412092
0.416667 0.8 0.0425871
0.433333 0.8 0.0463679
0.45 0.8 0.0475542
0.466667 0.8 0.0509022
0.483333 0.8 0.0519228
0.5 0.8 0.0552904
0 0 0
0 0.975 0
0.0166667 0.975 0.0206338
0.0333333 0.975 0.0418209
0.05 0.975 0.0497105
0.0666667 0.975 0.0527461
0.0833333 0.975 0.052429
0.1 0.975 0.050976
0.116667 0.975 0.0498536
0.133333 0.975 0.0470331
0.15 0.975 0.0444828
0.166667 0.975 0.0418038
0.183333 0.975 0.0382735
0.2 0.975 0.0363822
0.216667 0.975 0.0321092
0.233333 0.975 0.0304993
0.25 0.975 0.0260765
0.266667 0.975 0.0249696
0.283333 0.975 0.0213955
0.3 0.975 0.0203904
0.316667 0.975 0.0151613
0.333333 0.975 0.0119183
0.35 0.975 0.0187489
0.366667 0.975 0.0250113
0.383333 0.975 0.0268697
0.4 0.975 0.030968
0.416667 0.975 0.0330842
0.433333 0.975 0.0364219
0.45 0.975 0.0372868
0.466667 0.975 0.0400323
0.483333 0.975 0.0407877
0.5 0.975 0.0433415
0 0 0
0 1.185 0
0.0166667 1.185 0.0309236
0.0333333 1.185 0.0416864
0.05 1.185 0.0523574
0.0666667 1.185 0.0575327
0.0833333 1.185 0.0590335
0.1 1.185 0.0591107
0.116667 1.185 0.0588182
0.133333 1.185 0.0557548
0.15 1.185 0.0538349
0.166667 1.185 0.0513167
0.183333 1.185 0.0479925
0.2 1.185 0.0441738
0.216667 1.185 0.0405383
0.233333 1.185 0.0373018
0.25 1.185 0.033165
0.266667 1.185 0.0297676
0.283333 1.185 0.0247276
0.3 1.185 0.0218171
0.316667 1.185 0.0155193
0.333333 1.185 0.00393423
0.35 1.185 0.0156155
0.366667 1.185 0.0200838
0.383333 1.185 0.0218778
0.4 1.185 0.0252099
0.416667 1.185 0.0264907
0.433333 1.185 0.0287317
0.45 1.185 0.0293752
0.466667 1.185 0.0313815
0.483333 1.185 0.0317768
0.5 1.185 0.0325469
0 0 0
0 1.445 0
0.0166667 1.445 0.0276024
0.0333333 1.445 0.0418293
0.05 1.445 0.0544786
0.0666667 1.445 0.0608057
0.0833333 1.445 0.06349
0.1 1.445 0.0653433
0.116667 1.445 0.066025
0.133333 1.445 0.0644413
0.15 1.445 0.0631345
0.166667 1.445 0.0604778
0.183333 1.445 0.0573704
0.2 1.445 0.0541773
0.216667 1.445 0.0505656
0.233333 1.445 0.0463406
0.25 1.445 0.0428913
0.266667 1.445 0.0387152
0.283333 1.445 0.0343055
0.3 1.445 0.0291889
0.316667 1.445 0.0237391
0.333333 1.445 0.013498
0.35 1.445 0.0207837
0.366667 1.445 0.0225285
0.383333 1.445 0.0240624
0.4 1.445 0.0255305
0.416667 1.445 0.0257301
0.433333 1.445 0.0265883
0.45 1.445 0.0262146
0.466667 1.445 0.0257927
0.483333 1.445 0.0248593
0.5 1.445 0.0227996
0 0 0
0 1.755 0
0.0166667 1.755 0.03121
0.0333333 1.755 0.0433243
0.05 1.755 0.0551303
0.0666667 1.755 0.062963
0.0833333 1.755 0.0669631
0.1 1.755 0.069665
0.116667 1.755 0.0711314
0.133333 1.755 0.0698421
0.15 1.755 0.069786
0.166667 1.755 0.0679378
0.183333 1.755 0.064936
0.2 1.755 0.062057
0.216667 1.755 0.0590031
0.233333 1.755 0.0551798
0.25 1.755 0.0513742
0.266667 1.755 0.0475411
0.283333 1.755 0.0432461
0.3 1.755 0.0387805
0.316667 1.755 0.0334176
0.333333 1.755 0.0254727
0.35 1.755 0.0289827
0.366667 1.755 0.028929
0.383333 1.755 0.0294019
0.4 1.755 0.0289118
0.416667 1.755 0.0282043
0.433333 1.755 0.028027
0.45 1.755 0.0263677
0.466667 1.755 0.0252197
0.483333 1.755 0.0217372
0.5 1.755 0.0148316
0 0 0
0 2.135 0
0.0166667 2.135 0.0324663
0.0333333 2.135 0.0437536
0.05 2.135 0.0562347
0.0666667 2.135 0.0645537
0.0833333 2.135 0.0686365
0.1 2.135 0.0715306
0.116667 2.135 0.0738517
0.133333 2.135 0.0730247
0.15 2.135 0.0736027
0.166667 2.135 0.0725277
0.183333 2.135 0.070393
0.2 2.135 0.0682548
0.216667 2.135 0.0654656
0.233333 2.135 0.0615638
0.25 2.135 0.058469
0.266667 2.135 0.0545526
0.283333 2.135 0.0506184
0.3 2.135 0.0456929
0.316667 2.135 0.0414786
0.333333 2.135 0.0343822
0.35 2.135 0.0353269
0.366667 2.135 0.0349029
0.383333 2.135 0.0347242
0.4 2.135 0.033703
0.416667 2.135 0.0327949
0.433333 2.135 0.0307662
0.45 2.135 0.0285505
0.466667 2.135 0.0254772
0.483333 2.135 0.0202954
0.5 2.135 0.00774592
0 0 0
0 2.6 0
0.0166667 2.6 0.0218079
0.0333333 2.6 0.0448606
0.05 2.6 0.057146
0.0666667 2.6 0.0648225
0.0833333 2.6 0.068179
0.1 2.6 0.0716645
0.116667 2.6 0.0735827
0.133333 2.6 0.0736841
0.15 2.6 0.074436
0.166667 2.6 0.0743322
0.183333 2.6 0.0722423
0.2 2.6 0.0710095
0.216667 2.6 0.0686046
0.233333 2.6 0.0652536
0.25 2.6 0.0622831
0.266667 2.6 0.0586528
0.283333 2.6 0.0545975
0.3 2.6 0.0500784
0.316667 2.6 0.046252
0.333333 2.6 0.0393491
0.35 2.6 0.0405949
0.366667 2.6 0.0394401
0.383333 2.6 0.0385792
0.4 2.6 0.0369296
0.416667 2.6 0.0358996
0.433333 2.6 0.032911
0.45 2.6 0.0308353
0.466667 2.6 0.0270122
0.483333 2.6 0.0206655
0.5 2.6 0.00447214
0 0 0
0 3.165 0
0.0166667 3.165 0.0306567
0.0333333 3.165 0.0560332
0.05 3.165 0.0473665
0.0666667 3.165 0.0632962
0.0833333 3.165 0.06563
0.1 3.165 0.0694377
0.116667 3.165 0.0713033
0.133333 3.165 0.072208
0.15 3.165 0.072901
0.166667 3.165 0.0735557
0.183333 3.165 0.072204
0.2 3.165 0.0714145
0.216667 3.165 0.0697407
0.233333 3.165 0.0667223
0.25 3.165 0.0637119
0.266667 3.165 0.0597729
0.283333 3.165 0.055324
0.3 3.165 0.0510658
0.316667 3.165 0.0471401
0.333333 3.165 0.0430746
0.35 3.165 0.0418994
0.366667 3.165 0.0412882
0.383333 3.165 0.0398818
0.4 3.165 0.0384614
0.416667 3.165 0.03744
0.433333 3.165 0.0344315
0.45 3.165 0.0317246
0.466667 3.165 0.0275039
0.483333 3.165 0.0202248
0.5 3.165 0
0 0 0
0 3.85 0
0.0166667 3.85 0.028514
0.0333333 3.85 0.030507
0.05 3.85 0.0471397
0.0666667 3.85 0.0581455
0.0833333 3.85 0.0609929
0.1 3.85 0.0644884
0.116667 3.85 0.0673461
0.133333 3.85 0.0688673
0.15 3.85 0.0707641
0.166667 3.85 0.0720841
0.183333 3.85 0.071298
0.2 3.85 0.070491
0.216667 3.85 0.0671543
0.233333 3.85 0.0613331
0.25 3.85 0.0551276
0.266667 3.85 0.0493283
0.283333 3.85 0.0441608
0.3 3.85 0.0366054
0.316667 3.85 0.0327341
0.333333 3.85 0.0328933
0.35 3.85 0.025688
0.366667 3.85 0.0239593
0.383333 3.85 0.0229917
0.4 3.85 0.0210664
0.416667 3.85 0.0203702
0.433333 3.85 0.021339
0.45 3.85 0.0260168
0.466667 3.85 0.0270902
0.483333 3.85 0.0201904
0.5 3.85 0
0 0 0
0 4.685 0
0.0166667 4.685 0.0228193
0.0333333 4.685 0.0331361
0.05 4.685 0.0441825
0.0666667 4.685 0.0526192
0.0833333 4.685 0.0563382
0.1 4.685 0.060431
0.116667 4.685 0.0648479
0.133333 4.685 0.0689186
0.15 4.685 0.0722205
0.166667 4.685 0.0709236
0.183333 4.685 0.0648472
0.2 4.685 0.0563309
0.216667 4.685 0.049361
0.233333 4.685 0.0389382
0.25 4.685 0.0365937
0.266667 4.685 0.0347913
0.283333 4.685 0.0281036
0.3 4.685 0.0235725
0.316667 4.685 0.0190961
0.333333 4.685 0.0101101
0.35 4.685 0.0129615
0.366667 4.685 0.0153904
0.383333 4.685 0.0186714
0.4 4.685 0.0201871
0.416667 4.685 0.0217845
0.433333 4.685 0.0225828
0.45 4.685 0.022932
0.466667 4.685 0.0217475
0.483333 4.685 0.0178148
0.5 4.685 0
0 0 0
0 5.7 0
0.0166667 5.7 0.0223638
0.0333333 5.7 0.0375462
0.05 5.7 0.0450738
0.0666667 5.7 0.0535531
0.0833333 5.7 0.0554677
0.1 5.7 0.0626218
0.116667 5.7 0.0672946
0.133333 5.7 0.0694661
0.15 5.7 0.0681836
0.166667 5.7 0.0675586
0.183333 5.7 0.0650794
0.2 5.7 0.0546417
0.216667 5.7 0.039532
0.233333 5.7 0.0363096
0.25 5.7 0.0316082
0.266667 5.7 0.027082
0.283333 5.7 0.0229912
0.3 5.7 0.0189689
0.316667 5.7 0.0137403
0.333333 5.7 0.00649775
0.35 5.7 0.0105812
0.366667 5.7 0.0159811
0.383333 5.7 0.0199102
0.4 5.7 0.0224328
0.416667 5.7 0.0242363
0.433333 5.7 0.0248249
0.45 5.7 0.0243579
0.466667 5.7 0.0230042
0.483333 5.7 0.0182159
0.5 5.7 0
0 0 0
0 6.95 0
0.0166667 6.95 0.0247488
0.0333333 6.95 0.0361856
0.05 6.95 0.0583434
0.0666667 6.95 0.0638649
0.0833333 6.95 0.0673456
0.1 6.95 0.0638845
0.116667 6.95 0.0667798
0.133333 6.95 0.0706796
0.15 6.95 0.0847218
0.166667 6.95 0.077043
0.183333 6.95 0.0624299
0.2 6.95 0.039068
0.216667 6.95 0.0361748
0.233333 6.95 0.033286
0.25 6.95 0.0271906
0.266667 6.95 0.0225767
0.283333 6.95 0.0193059
0.3 6.95 0.0142803
0.316667 6.95 0.00990995
0.333333 6.95 0.00698976
0.35 6.95 0.0145563
0.366667 6.95 0.0188825
0.383333 6.95 0.02307
0.4 6.95 0.0249592
0.416667 6.95 0.0263352
0.433333 6.95 0.0271782
0.45 6.95 0.0266275
0.466667 6.95 0.0246986
0.483333 6.95 0.0190288
0.5 6.95 0
0 0 0
0 8.45 0
0.0166667 8.45 0.0268899
0.0333333 8.45 0.0557884
0.05 8.45 0.0776396
0.0666667 8.45 0.0812203
0.0833333 8.45 0.085328
0.1 8.45 0.0851568
0.116667 8.45 0.112945
0.133333 8.45 0.0886207
0.15 8.45 0.073313
0.166667 8.45 0.0605251
0.183333 8.45 0.0399546
0.2 8.45 0.0373973
0.216667 8.45 0.0340149
0.233333 8.45 0.0296225
0.25 8.45 0.0236542
0.266667 8.45 0.0185627
0.283333 8.45 0.0159415
0.3 8.45 0.0134157
0.316667 8.45 0.0110553
0.333333 8.45 0.00829428
0.35 8.45 0.0170812
0.366667 8.45 0.0227817
0.383333 8.45 0.025246
0.4 8.45 0.0279056
0.416667 8.45 0.0286312
0.433333 8.45 0.0283971
0.45 8.45 0.0278725
0.466667 8.45 0.0248967
0.483333 8.45 0.0190783
0.5 8.45 0
0 0 0
0 10.25 0
0.0166667 10.25 0.0366482
0.0333333 10.25 0.0707755
0.05 10.25 0.096912
0.0666667 10.25 0.134262
0.0833333 10.25 0.142835
0.1 10.25 0.131157
0.116667 10.25 0.0877477
0.133333 10.25 0.0711001
0.15 10.25 0.0617009
0.166667 10.25 0.0396662
0.183333 10.25 0.0385991
0.2 10.25 0.0362047
0.216667 10.25 0.0328414
0.233333 10.25 0.0273794
0.25 10.25 0.0199916
0.266667 10.25 0.0166343
0.283333 10.25 0.0137904
0.3 10.25 0.01249
0.316667 10.25 0.0139828
0.333333 10.25 0.0129898
0.35 10.25 0.0208722
0.366667 10.25 0.0251418
0.383333 10.25 0.0275898
0.4 10.25 0.0297067
0.416667 10.25 0.0303204
0.433333 10.25 0.0300812
0.45 10.25 0.0285056
0.466667 10.25 0.0255416
0.483333 10.25 0.0191877
0.5 10.25 0
0 0 0
0 12.5 0
0.0166667 12.5 0.0700571
0.0333333 12.5 0.0964436
0.05 12.5 0.144374
0.0666667 12.5 0.144484
0.0833333 12.5 0.138755
0.1 12.5 0.102225
0.116667 12.5 0.0691802
0.133333 12.5 0.0627156
0.15 12.5 0.0404697
0.166667 12.5 0.0394163
0.183333 12.5 0.0371941
0.2 12.5 0.0346842
0.216667 12.5 0.030857
0.233333 12.5 0.0257501
0.25 12.5 0.0161173
0.266667 12.5 0.013789
0.283333 12.5 0.0136457
0.3 12.5 0.0154918
0.316667 12.5 0.0162313
0.333333 12.5 0.0179446
0.35 12.5 0.0243212
0.366667 12.5 0.0274931
0.383333 12.5 0.0299062
0.4 12.5 0.0315321
0.416667 12.5 0.0321296
0.433333 12.5 0.0307141
0.45 12.5 0.0290596
0.466667 12.5 0.0256637
0.483333 12.5 0.0195954
0.5 12.5 0
0 0 0
