# x=0.0
 0  5.4958e-05
 0.0166667  0.0326017
 0.0333333  0.00863008
 0.05  0.0434453
 0.0666667  0.0308473
 0.0833333  0.0643267
 0.1  0.061114
 0.116667  0.0928777
 0.133333  0.0959801
 0.15  0.126633
 0.166667  0.133789
 0.183333  0.163938
 0.2  0.173773
 0.216667  0.203884
 0.233333  0.215601
 0.25  0.246041
 0.266667  0.259193
 0.283333  0.29028
 0.3  0.304625
 0.316667  0.336659
 0.333333  0.352087
 0.35  0.385381
 0.366667  0.401866
 0.383333  0.436764
 0.4  0.454349
 0.416667  0.491244
 0.433333  0.510026
 0.45  0.549391
 0.466667  0.569519
 0.483333  0.611927
 0.5  0.633612
 0.516667  0.679783
 0.533333  0.703307
 0.55  0.754158
 0.566667  0.779891
 0.583333  0.836624
 0.6  0.865059
 0.616667  0.929277
 0.633333  0.961074
 0.65  1.03498
 0.666667  1.07105
 0.683333  1.15773
 0.7  1.19936
 0.716667  1.30331
 0.733333  1.35239
 0.75  1.48035
 0.766667  1.53978
 0.783333  1.70229
 0.8  1.77683
 0.816667  1.99104
 0.833333  2.08921
 0.85  2.38425
 0.866667  2.52308
 0.883333  2.9491
 0.9  3.16837
 0.916667  3.80108
 0.933333  4.21371
 0.95  5.0455
 0.966667  5.99882
 0.983333  6.13349
 1  7.62271

# x=0.1
 0  0.0103988
 0.0166667  0.0236255
 0.0333333  0.0257704
 0.05  0.0456095
 0.0666667  0.0594388
 0.0833333  0.0811031
 0.1  0.0989418
 0.116667  0.121307
 0.133333  0.140573
 0.15  0.163512
 0.166667  0.183493
 0.183333  0.207021
 0.2  0.227404
 0.216667  0.251604
 0.233333  0.272374
 0.25  0.297135
 0.266667  0.318675
 0.283333  0.344137
 0.3  0.36671
 0.316667  0.39316
 0.333333  0.416944
 0.35  0.444677
 0.366667  0.469858
 0.383333  0.499168
 0.4  0.52598
 0.416667  0.557236
 0.433333  0.585951
 0.45  0.619519
 0.466667  0.650527
 0.483333  0.686914
 0.5  0.720684
 0.516667  0.760509
 0.533333  0.797645
 0.55  0.841696
 0.566667  0.882997
 0.583333  0.932318
 0.6  0.978851
 0.616667  1.0348
 0.633333  1.08801
 0.65  1.15242
 0.666667  1.21428
 0.683333  1.29011
 0.7  1.36361
 0.716667  1.45596
 0.733333  1.54387
 0.75  1.65915
 0.766667  1.76705
 0.783333  1.91723
 0.8  2.0536
 0.816667  2.26292
 0.833333  2.43962
 0.85  2.75347
 0.866667  2.95325
 0.883333  3.20487
 0.9  3.26009
 0.916667  2.83567
 0.933333  2.6393
 0.95  2.41152
 0.966667  2.3206
 0.983333  2.24342
 1  2.24106

# x=0.2
 0  0.00994637
 0.0166667  0.0236809
 0.0333333  0.0310311
 0.05  0.0509834
 0.0666667  0.0690841
 0.0833333  0.0904463
 0.1  0.110832
 0.116667  0.133103
 0.133333  0.154665
 0.15  0.177834
 0.166667  0.200341
 0.183333  0.224379
 0.2  0.247751
 0.216667  0.272657
 0.233333  0.296892
 0.25  0.322718
 0.266667  0.347884
 0.283333  0.374745
 0.3  0.400973
 0.316667  0.429038
 0.333333  0.456516
 0.35  0.486005
 0.366667  0.514964
 0.383333  0.546183
 0.4  0.576969
 0.416667  0.61062
 0.433333  0.643124
 0.45  0.679186
 0.466667  0.714163
 0.483333  0.753213
 0.5  0.791228
 0.516667  0.833979
 0.533333  0.875693
 0.55  0.923065
 0.566667  0.969329
 0.583333  1.02258
 0.6  1.07455
 0.616667  1.13551
 0.633333  1.19486
 0.65  1.2665
 0.666667  1.33593
 0.683333  1.42381
 0.7  1.50829
 0.716667  1.62515
 0.733333  1.73632
 0.75  1.92139
 0.766667  2.07659
 0.783333  2.3614
 0.8  2.4647
 0.816667  2.06732
 0.833333  1.8181
 0.85  1.65784
 0.866667  1.54831
 0.883333  1.47582
 0.9  1.42251
 0.916667  1.38275
 0.933333  1.35429
 0.95  1.33232
 0.966667  1.319
 0.983333  1.30964
 1  1.30799

# x=0.3
 0  0.00852547
 0.0166667  0.0234471
 0.0333333  0.0360249
 0.05  0.0564843
 0.0666667  0.0761849
 0.0833333  0.0977287
 0.1  0.119014
 0.116667  0.14214
 0.133333  0.164523
 0.15  0.188591
 0.166667  0.212023
 0.183333  0.237051
 0.2  0.261475
 0.216667  0.287552
 0.233333  0.31295
 0.25  0.340072
 0.266667  0.366576
 0.283333  0.394917
 0.3  0.422634
 0.316667  0.452369
 0.333333  0.481505
 0.35  0.51289
 0.366667  0.543651
 0.383333  0.576981
 0.4  0.609646
 0.416667  0.645244
 0.433333  0.680193
 0.45  0.718606
 0.466667  0.756289
 0.483333  0.798189
 0.5  0.839296
 0.516667  0.885702
 0.533333  0.931148
 0.55  0.983669
 0.566667  1.03518
 0.583333  1.09691
 0.6  1.15778
 0.616667  1.23619
 0.633333  1.31407
 0.65  1.43343
 0.666667  1.5543
 0.683333  1.80768
 0.7  1.94622
 0.716667  1.63451
 0.733333  1.38912
 0.75  1.26905
 0.766667  1.1792
 0.783333  1.12059
 0.8  1.07297
 0.816667  1.03707
 0.833333  1.00717
 0.85  0.983214
 0.866667  0.963357
 0.883333  0.947004
 0.9  0.933805
 0.916667  0.922915
 0.933333  0.914674
 0.95  0.908095
 0.966667  0.903884
 0.983333  0.901017
 1  0.90039

# x=0.4
 0  0.000151568
 0.0166667  0.0198333
 0.0333333  0.0426277
 0.05  0.0613932
 0.0666667  0.0802088
 0.0833333  0.101198
 0.1  0.123062
 0.116667  0.146589
 0.133333  0.170322
 0.15  0.195254
 0.166667  0.220063
 0.183333  0.245964
 0.2  0.271472
 0.216667  0.297855
 0.233333  0.324462
 0.25  0.352188
 0.266667  0.380071
 0.283333  0.409261
 0.3  0.438666
 0.316667  0.469611
 0.333333  0.500831
 0.35  0.533879
 0.366667  0.567257
 0.383333  0.602854
 0.4  0.638826
 0.416667  0.677624
 0.433333  0.71696
 0.45  0.759931
 0.466667  0.80361
 0.483333  0.85245
 0.5  0.902478
 0.516667  0.961097
 0.533333  1.0232
 0.55  1.10647
 0.566667  1.21221
 0.583333  1.40598
 0.6  1.51962
 0.616667  1.31845
 0.633333  1.1036
 0.65  0.996385
 0.666667  0.923282
 0.683333  0.873268
 0.7  0.832992
 0.716667  0.801862
 0.733333  0.77563
 0.75  0.75429
 0.766667  0.735976
 0.783333  0.720676
 0.8  0.707467
 0.816667  0.696274
 0.833333  0.686647
 0.85  0.678445
 0.866667  0.671467
 0.883333  0.66555
 0.9  0.660646
 0.916667  0.656579
 0.933333  0.65339
 0.95  0.650903
 0.966667  0.649213
 0.983333  0.648151
 1  0.647848

# x=0.5
 0 -3.4941e-05
 0.0166667  0.0218058
 0.0333333  0.0423733
 0.05  0.0613801
 0.0666667  0.0820387
 0.0833333  0.104771
 0.1  0.127893
 0.116667  0.152461
 0.133333  0.176762
 0.15  0.202428
 0.166667  0.227715
 0.183333  0.254557
 0.2  0.281049
 0.216667  0.309357
 0.233333  0.337331
 0.25  0.367423
 0.266667  0.397166
 0.283333  0.429428
 0.3  0.461309
 0.316667  0.496319
 0.333333  0.530928
 0.35  0.569688
 0.366667  0.608068
 0.383333  0.652487
 0.4  0.696674
 0.416667  0.750983
 0.433333  0.805976
 0.45  0.884431
 0.466667  0.978737
 0.483333  1.22331
 0.5  1.38211
 0.516667  1.1051
 0.533333  0.852299
 0.55  0.758636
 0.566667  0.693136
 0.583333  0.651572
 0.6  0.617358
 0.616667  0.592354
 0.633333  0.570972
 0.65  0.554304
 0.666667  0.539814
 0.683333  0.52808
 0.7  0.517799
 0.716667  0.509261
 0.733333  0.50176
 0.75  0.495417
 0.766667  0.489851
 0.783333  0.48508
 0.8  0.480911
 0.816667  0.477301
 0.833333  0.474177
 0.85  0.471454
 0.866667  0.469135
 0.883333  0.467115
 0.9  0.465443
 0.916667  0.464003
 0.933333  0.462876
 0.95  0.461939
 0.966667  0.461293
 0.983333  0.460835
 1  0.460701
