# binding energy
# two-orbital Hubbard model
# t=0.5 L=60 Jh=U/4
# x, U, binding energy

0 0.3 -140.29
0.0166667 0.3 -143.138
0.0333333 0.3 -145.79
0.05 0.3 -148.228
0.0666667 0.3 -150.456
0.0833333 0.3 -152.478
0.1 0.3 -154.287
0.116667 0.3 -155.891
0.133333 0.3 -157.289
0.15 0.3 -158.479
0.166667 0.3 -159.468
0.183333 0.3 -160.252
0.2 0.3 -160.836
0.216667 0.3 -161.218
0.233333 0.3 -161.402
0.25 0.3 -161.388
0.266667 0.3 -161.178
0.283333 0.3 -160.773
0.3 0.3 -160.175
0.316667 0.3 -159.386
0.333333 0.3 -158.408
0.35 0.3 -157.243
0.366667 0.3 -155.895
0.383333 0.3 -154.367
0.4 0.3 -152.661
0.416667 0.3 -150.776
0.433333 0.3 -148.72
0.45 0.3 -146.485
0.466667 0.3 -144.083
0.483333 0.3 -141.514
0.5 0.3 -138.782
0 0 0
0 0.365 -123.218
0.0166667 0.365 -126.663
0.0333333 0.365 -129.913
0.05 0.365 -132.943
0.0666667 0.365 -135.752
0.0833333 0.365 -138.343
0.1 0.365 -140.71
0.116667 0.365 -142.862
0.133333 0.365 -144.799
0.15 0.365 -146.514
0.166667 0.365 -148.016
0.183333 0.365 -149.302
0.2 0.365 -150.376
0.216667 0.365 -151.237
0.233333 0.365 -151.888
0.25 0.365 -152.329
0.266667 0.365 -152.563
0.283333 0.365 -152.591
0.3 0.365 -152.413
0.316667 0.365 -152.033
0.333333 0.365 -151.454
0.35 0.365 -150.674
0.366667 0.365 -149.698
0.383333 0.365 -148.532
0.4 0.365 -147.177
0.416667 0.365 -145.632
0.433333 0.365 -143.905
0.45 0.365 -141.986
0.466667 0.365 -139.89
0.483333 0.365 -137.616
0.5 0.365 -135.166
0 0 0
0 0.445 -103.169
0.0166667 0.445 -107.275
0.0333333 0.445 -111.207
0.05 0.445 -114.926
0.0666667 0.445 -118.419
0.0833333 0.445 -121.683
0.1 0.445 -124.712
0.116667 0.445 -127.513
0.133333 0.445 -130.082
0.15 0.445 -132.421
0.166667 0.445 -134.534
0.183333 0.445 -136.417
0.2 0.445 -138.077
0.216667 0.445 -139.507
0.233333 0.445 -140.715
0.25 0.445 -141.698
0.266667 0.445 -142.461
0.283333 0.445 -143.002
0.3 0.445 -143.326
0.316667 0.445 -143.432
0.333333 0.445 -143.326
0.35 0.445 -143.003
0.366667 0.445 -142.47
0.383333 0.445 -141.735
0.4 0.445 -140.797
0.416667 0.445 -139.654
0.433333 0.445 -138.314
0.45 0.445 -136.771
0.466667 0.445 -135.037
0.483333 0.445 -133.109
0.5 0.445 -130.993
0 0 0
0 0.54 -80.8416
0.0166667 0.54 -85.618
0.0333333 0.54 -90.2606
0.05 0.54 -94.7158
0.0666667 0.54 -98.9503
0.0833333 0.54 -102.955
0.1 0.54 -106.717
0.116667 0.54 -110.245
0.133333 0.54 -113.533
0.15 0.54 -116.574
0.166667 0.54 -119.373
0.183333 0.54 -121.934
0.2 0.54 -124.255
0.216667 0.54 -126.332
0.233333 0.54 -128.17
0.25 0.54 -129.77
0.266667 0.54 -131.133
0.283333 0.54 -132.26
0.3 0.54 -133.154
0.316667 0.54 -133.813
0.333333 0.54 -134.243
0.35 0.54 -134.44
0.366667 0.54 -134.411
0.383333 0.54 -134.164
0.4 0.54 -133.697
0.416667 0.54 -133.011
0.433333 0.54 -132.111
0.45 0.54 -130.992
0.466667 0.54 -129.666
0.483333 0.54 -128.13
0.5 0.54 -126.39
0 0 0
0 0.66 -54.9832
0.0166667 0.66 -60.4433
0.0333333 0.66 -65.8226
0.05 0.66 -71.0574
0.0666667 0.66 -76.1011
0.0833333 0.66 -80.9337
0.1 0.66 -85.5315
0.116667 0.66 -89.8935
0.133333 0.66 -94.0114
0.15 0.66 -97.8701
0.166667 0.66 -101.473
0.183333 0.66 -104.832
0.2 0.66 -107.931
0.216667 0.66 -110.772
0.233333 0.66 -113.362
0.25 0.66 -115.694
0.266667 0.66 -117.772
0.283333 0.66 -119.596
0.3 0.66 -121.169
0.316667 0.66 -122.489
0.333333 0.66 -123.559
0.35 0.66 -124.379
0.366667 0.66 -124.952
0.383333 0.66 -125.287
0.4 0.66 -125.385
0.416667 0.66 -125.243
0.433333 0.66 -124.867
0.45 0.66 -124.254
0.466667 0.66 -123.413
0.483333 0.66 -122.342
0.5 0.66 -121.047
0 0 0
0 0.8 -27.9312
0.0166667 0.8 -34.0426
0.0333333 0.8 -40.0959
0.05 0.8 -46.0601
0.0666667 0.8 -51.8752
0.0833333 0.8 -57.515
0.1 0.8 -62.9409
0.116667 0.8 -68.1443
0.133333 0.8 -73.1099
0.15 0.8 -77.816
0.166667 0.8 -82.2632
0.183333 0.8 -86.4585
0.2 0.8 -90.3848
0.216667 0.8 -94.0413
0.233333 0.8 -97.4322
0.25 0.8 -100.549
0.266667 0.8 -103.398
0.283333 0.8 -105.977
0.3 0.8 -108.284
0.316667 0.8 -110.323
0.333333 0.8 -112.09
0.35 0.8 -113.585
0.366667 0.8 -114.814
0.383333 0.8 -115.784
0.4 0.8 -116.494
0.416667 0.8 -116.945
0.433333 0.8 -117.142
0.45 0.8 -117.077
0.466667 0.8 -116.764
0.483333 0.8 -116.198
0.5 0.8 -115.385
0 0 0
0 0.975 1.98694
0.0166667 0.975 -4.8167
0.0333333 0.975 -11.5844
0.05 0.975 -18.2862
0.0666667 0.975 -24.8774
0.0833333 0.975 -31.3314
0.1 0.975 -37.6078
0.116667 0.975 -43.6865
0.133333 0.975 -49.5412
0.15 0.975 -55.1551
0.166667 0.975 -60.5179
0.183333 0.975 -65.6265
0.2 0.975 -70.4645
0.216667 0.975 -75.0267
0.233333 0.975 -79.3095
0.25 0.975 -83.3114
0.266667 0.975 -87.0312
0.283333 0.975 -90.4645
0.3 0.975 -93.611
0.316667 0.975 -96.4703
0.333333 0.975 -99.0352
0.35 0.975 -101.307
0.366667 0.975 -103.291
0.383333 0.975 -104.992
0.4 0.975 -106.41
0.416667 0.975 -107.545
0.433333 0.975 -108.401
0.45 0.975 -108.971
0.466667 0.975 -109.267
0.483333 0.975 -109.283
0.5 0.975 -109.024
0 0 0
0 1.185 33.5635
0.0166667 1.185 26.0326
0.0333333 1.185 18.5279
0.05 1.185 11.072
0.0666667 1.185 3.69902
0.0833333 1.185 -3.56511
0.1 1.185 -10.6824
0.116667 1.185 -17.6302
0.133333 1.185 -24.3795
0.15 1.185 -30.9095
0.166667 1.185 -37.2033
0.183333 1.185 -43.2497
0.2 1.185 -49.0294
0.216667 1.185 -54.5372
0.233333 1.185 -59.7633
0.25 1.185 -64.7025
0.266667 1.185 -69.3476
0.283333 1.185 -73.6956
0.3 1.185 -77.7417
0.316667 1.185 -81.4842
0.333333 1.185 -84.9142
0.35 1.185 -88.0315
0.366667 1.185 -90.8391
0.383333 1.185 -93.3417
0.4 1.185 -95.5362
0.416667 1.185 -97.4236
0.433333 1.185 -99.0047
0.45 1.185 -100.274
0.466667 1.185 -101.239
0.483333 1.185 -101.896
0.5 1.185 -102.241
0 0 0
0 1.445 68.2086
0.0166667 1.445 59.8535
0.0333333 1.445 51.5189
0.05 1.445 43.223
0.0666667 1.445 34.9918
0.0833333 1.445 26.85
0.1 1.445 18.8313
0.116667 1.445 10.9587
0.133333 1.445 3.26253
0.15 1.445 -4.23723
0.166667 1.445 -11.5165
0.183333 1.445 -18.56
0.2 1.445 -25.3485
0.216667 1.445 -31.871
0.233333 1.445 -38.1141
0.25 1.445 -44.0689
0.266667 1.445 -49.725
0.283333 1.445 -55.0764
0.3 1.445 -60.1151
0.316667 1.445 -64.8377
0.333333 1.445 -69.2319
0.35 1.445 -73.2945
0.366667 1.445 -77.0275
0.383333 1.445 -80.4326
0.4 1.445 -83.5049
0.416667 1.445 -86.2439
0.433333 1.445 -88.6485
0.45 1.445 -90.7116
0.466667 1.445 -92.4393
0.483333 1.445 -93.8249
0.5 1.445 -94.8471
0 0 0
0 1.755 105.428
0.0166667 1.755 96.1387
0.0333333 1.755 86.8671
0.05 1.755 77.6281
0.0666667 1.755 68.4438
0.0833333 1.755 59.3373
0.1 1.755 50.3383
0.116667 1.755 41.4699
0.133333 1.755 32.7619
0.15 1.755 24.2343
0.166667 1.755 15.9131
0.183333 1.755 7.81574
0.2 1.755 -0.0364979
0.216667 1.755 -7.63021
0.233333 1.755 -14.9486
0.25 1.755 -21.9798
0.266667 1.755 -28.7108
0.283333 1.755 -35.1323
0.3 1.755 -41.2336
0.316667 1.755 -47.0091
0.333333 1.755 -52.4447
0.35 1.755 -57.5335
0.366667 1.755 -62.2736
0.383333 1.755 -66.6649
0.4 1.755 -70.7
0.416667 1.755 -74.3762
0.433333 1.755 -77.6899
0.45 1.755 -80.6328
0.466667 1.755 -83.2072
0.483333 1.755 -85.4046
0.5 1.755 -87.1609
0 0 0
0 2.135 147.392
0.0166667 2.135 136.984
0.0333333 2.135 126.592
0.05 2.135 116.229
0.0666667 2.135 105.916
0.0833333 2.135 95.6752
0.1 2.135 85.5339
0.116667 2.135 75.515
0.133333 2.135 65.6464
0.15 2.135 55.949
0.166667 2.135 46.449
0.183333 2.135 37.164
0.2 2.135 28.1171
0.216667 2.135 19.3232
0.233333 2.135 10.8019
0.25 2.135 2.56625
0.266667 2.135 -5.36809
0.283333 2.135 -12.9892
0.3 2.135 -20.284
0.316667 2.135 -27.2451
0.333333 2.135 -33.8554
0.35 2.135 -40.1083
0.366667 2.135 -45.996
0.383333 2.135 -51.5145
0.4 2.135 -56.6546
0.416667 2.135 -61.4107
0.433333 2.135 -65.7773
0.45 2.135 -69.7451
0.466667 2.135 -73.3131
0.483333 2.135 -76.477
0.5 2.135 -79.0568
0 0 0
0 2.6 195.533
0.0166667 2.6 183.761
0.0333333 2.6 172.004
0.05 2.6 160.276
0.0666667 2.6 148.596
0.0833333 2.6 136.99
0.1 2.6 125.484
0.116667 2.6 114.098
0.133333 2.6 102.86
0.15 2.6 91.791
0.166667 2.6 80.9151
0.183333 2.6 70.2508
0.2 2.6 59.8218
0.216667 2.6 49.6438
0.233333 2.6 39.738
0.25 2.6 30.1194
0.266667 2.6 20.8043
0.283333 2.6 11.8041
0.3 2.6 3.13956
0.316667 2.6 -5.17619
0.333333 2.6 -13.1412
0.35 2.6 -20.7461
0.366667 2.6 -27.9653
0.383333 2.6 -34.7979
0.4 2.6 -41.2322
0.416667 2.6 -47.2592
0.433333 2.6 -52.8745
0.45 2.6 -58.0703
0.466667 2.6 -62.845
0.483333 2.6 -67.216
0.5 2.6 -70.728
0 0 0
0 3.165 251.347
0.0166667 3.165 237.902
0.0333333 3.165 224.451
0.05 3.165 211.056
0.0666667 3.165 197.715
0.0833333 3.165 184.455
0.1 3.165 171.3
0.116667 3.165 158.271
0.133333 3.165 145.393
0.15 3.165 132.689
0.166667 3.165 120.178
0.183333 3.165 107.882
0.2 3.165 95.8231
0.216667 3.165 84.0185
0.233333 3.165 72.4892
0.25 3.165 61.2498
0.266667 3.165 50.3193
0.283333 3.165 39.7111
0.3 3.165 29.4427
0.316667 3.165 19.527
0.333333 3.165 9.97663
0.35 3.165 0.803307
0.366667 3.165 -7.9824
0.383333 3.165 -16.3681
0.4 3.165 -24.3416
0.416667 3.165 -31.8932
0.433333 3.165 -39.0195
0.45 3.165 -45.7172
0.466667 3.165 -51.9965
0.483333 3.165 -57.9033
0.5 3.165 -62.4752
0 0 0
0 3.85 316.687
0.0166667 3.85 301.202
0.0333333 3.85 285.727
0.05 3.85 270.282
0.0666667 3.85 254.901
0.0833333 3.85 239.605
0.1 3.85 224.436
0.116667 3.85 209.403
0.133333 3.85 194.532
0.15 3.85 179.84
0.166667 3.85 165.351
0.183333 3.85 151.085
0.2 3.85 137.064
0.216667 3.85 123.305
0.233333 3.85 109.828
0.25 3.85 96.6496
0.266667 3.85 83.7927
0.283333 3.85 71.2689
0.3 3.85 59.0889
0.316667 3.85 47.2594
0.333333 3.85 35.8236
0.35 3.85 24.7964
0.366667 3.85 14.1586
0.383333 3.85 3.91561
0.4 3.85 -5.909
0.416667 3.85 -15.2953
0.433333 3.85 -24.2455
0.45 3.85 -32.7814
0.466667 3.85 -40.9416
0.483333 3.85 -48.7871
0.5 3.85 -54.5726
0 0 0
0 4.685 394.49
0.0166667 4.685 376.45
0.0333333 4.685 358.432
0.05 4.685 340.463
0.0666667 4.685 322.556
0.0833333 4.685 304.748
0.1 4.685 287.054
0.116667 4.685 269.497
0.133333 4.685 252.096
0.15 4.685 234.874
0.166667 4.685 217.85
0.183333 4.685 201.045
0.2 4.685 184.483
0.216667 4.685 168.173
0.233333 4.685 152.127
0.25 4.685 136.356
0.266667 4.685 120.874
0.283333 4.685 105.745
0.3 4.685 91.0511
0.316667 4.685 76.8096
0.333333 4.685 63.0267
0.35 4.685 49.7074
0.366667 4.685 36.8579
0.383333 4.685 24.476
0.4 4.685 12.5605
0.416667 4.685 1.10859
0.433333 4.685 -9.89852
0.45 4.685 -20.4852
0.466667 4.685 -30.6999
0.483333 4.685 -40.6286
0.5 4.685 -47.6553
0 0 0
0 5.7 487.501
0.0166667 5.7 466.351
0.0333333 5.7 445.235
0.05 5.7 424.15
0.0666667 5.7 403.113
0.0833333 5.7 382.164
0.1 5.7 361.322
0.116667 5.7 340.604
0.133333 5.7 320.035
0.15 5.7 299.639
0.166667 5.7 279.434
0.183333 5.7 259.425
0.2 5.7 239.594
0.216667 5.7 220.009
0.233333 5.7 200.776
0.25 5.7 181.979
0.266667 5.7 163.629
0.283333 5.7 145.737
0.3 5.7 128.313
0.316667 5.7 111.365
0.333333 5.7 94.8957
0.35 5.7 78.9098
0.366667 5.7 63.4092
0.383333 5.7 48.3875
0.4 5.7 33.8391
0.416667 5.7 19.7513
0.433333 5.7 6.09674
0.45 5.7 -7.15902
0.466667 5.7 -20.073
0.483333 5.7 -32.7375
0.5 5.7 -41.2871
0 0 0
0 6.95 600.763
0.0166667 6.95 575.778
0.0333333 6.95 550.81
0.05 6.95 525.873
0.0666667 6.95 500.978
0.0833333 6.95 476.157
0.1 6.95 451.422
0.116667 6.95 426.792
0.133333 6.95 402.276
0.15 6.95 377.878
0.166667 6.95 353.636
0.183333 6.95 329.624
0.2 6.95 305.979
0.216667 6.95 282.753
0.233333 6.95 259.975
0.25 6.95 237.658
0.266667 6.95 215.814
0.283333 6.95 194.453
0.3 6.95 173.582
0.316667 6.95 153.207
0.333333 6.95 133.33
0.35 6.95 113.95
0.366667 6.95 95.0674
0.383333 6.95 76.6713
0.4 6.95 58.7465
0.416667 6.95 41.274
0.433333 6.95 24.2212
0.45 6.95 7.54111
0.466667 6.95 -8.83105
0.483333 6.95 -24.9835
0.5 6.95 -35.407
0 0 0
0 8.45 735.63
0.0166667 8.45 706.031
0.0333333 8.45 676.441
0.05 8.45 646.873
0.0666667 8.45 617.349
0.0833333 8.45 587.886
0.1 8.45 558.467
0.116667 8.45 529.09
0.133333 8.45 499.774
0.15 8.45 470.635
0.166667 8.45 441.81
0.183333 8.45 413.358
0.2 8.45 385.342
0.216667 8.45 357.78
0.233333 8.45 330.69
0.25 8.45 304.084
0.266667 8.45 277.973
0.283333 8.45 252.367
0.3 8.45 227.269
0.316667 8.45 202.688
0.333333 8.45 178.616
0.35 8.45 155.054
0.366667 8.45 131.997
0.383333 8.45 109.425
0.4 8.45 87.3205
0.416667 8.45 65.6574
0.433333 8.45 44.3951
0.45 8.45 23.4839
0.466667 8.45 2.85275
0.483333 8.45 -17.5839
0.5 8.45 -30.2599
0 0 0
0 10.25 896.643
0.0166667 10.25 861.534
0.0333333 10.25 826.43
0.05 10.25 791.323
0.0666667 10.25 756.224
0.0833333 10.25 721.155
0.1 10.25 686.079
0.116667 10.25 651.028
0.133333 10.25 616.155
0.15 10.25 581.604
0.166667 10.25 547.421
0.183333 10.25 513.67
0.2 10.25 480.381
0.216667 10.25 447.566
0.233333 10.25 415.242
0.25 10.25 383.423
0.266667 10.25 352.121
0.283333 10.25 321.343
0.3 10.25 291.089
0.316667 10.25 261.362
0.333333 10.25 232.158
0.35 10.25 203.472
0.366667 10.25 175.292
0.383333 10.25 147.598
0.4 10.25 120.363
0.416667 10.25 93.5566
0.433333 10.25 67.1348
0.45 10.25 41.0402
0.466667 10.25 15.2036
0.483333 10.25 -10.4543
0.5 10.25 -25.8285
0 0 0
0 12.5 1097.19
0.0166667 12.5 1055.2
0.0333333 12.5 1013.19
0.05 12.5 971.174
0.0666667 12.5 929.132
0.0833333 12.5 887.09
0.1 12.5 845.037
0.116667 12.5 803.096
0.133333 12.5 761.458
0.15 12.5 720.181
0.166667 12.5 679.32
0.183333 12.5 638.914
0.2 12.5 598.988
0.216667 12.5 559.557
0.233333 12.5 520.636
0.25 12.5 482.238
0.266667 12.5 444.374
0.283333 12.5 407.049
0.3 12.5 370.263
0.316667 12.5 334.018
0.333333 12.5 298.304
0.35 12.5 263.11
0.366667 12.5 228.423
0.383333 12.5 194.218
0.4 12.5 160.465
0.416667 12.5 127.126
0.433333 12.5 94.1548
0.45 12.5 61.4946
0.466667 12.5 29.0759
0.483333 12.5 -3.18152
0.5 12.5 -21.9298
