# normalized string order
# two-orbital Hubbard model
# t=0.5 L=60 Jh=U/4
# x, U, string order

0 0.3 0.0233118
0.0166667 0.3 0.0285587
0.0333333 0.3 0.0327423
0.05 0.3 0.0387613
0.0666667 0.3 0.033867
0.0833333 0.3 0.0327583
0.1 0.3 0.0290876
0.116667 0.3 0.0346337
0.133333 0.3 0.035713
0.15 0.3 0.0392528
0.166667 0.3 0.0349463
0.183333 0.3 0.0326007
0.2 0.3 0.0282461
0.216667 0.3 0.0303433
0.233333 0.3 0.0277866
0.25 0.3 0.0291384
0.266667 0.3 0.0243323
0.283333 0.3 0.0262692
0.3 0.3 0.0258871
0.316667 0.3 0.0317138
0.333333 0.3 0.0323015
0.35 0.3 0.0337334
0.366667 0.3 0.0304849
0.383333 0.3 0.0279603
0.4 0.3 0.022692
0.416667 0.3 0.0218077
0.433333 0.3 0.0171112
0.45 0.3 0.0175627
0.466667 0.3 0.0147976
0.483333 0.3 0.0180569
0.5 0.3 0.0187622
0 0 0
0 0.365 0.0229779
0.0166667 0.365 0.0252273
0.0333333 0.365 0.0317859
0.05 0.365 0.0396856
0.0666667 0.365 0.0343773
0.0833333 0.365 0.0325526
0.1 0.365 0.0282301
0.116667 0.365 0.0341796
0.133333 0.365 0.0359027
0.15 0.365 0.0402012
0.166667 0.365 0.0353818
0.183333 0.365 0.032769
0.2 0.365 0.0279656
0.216667 0.365 0.0302257
0.233333 0.365 0.0277465
0.25 0.365 0.0292693
0.266667 0.365 0.0239583
0.283333 0.365 0.0257696
0.3 0.365 0.025246
0.316667 0.365 0.0315855
0.333333 0.365 0.0321759
0.35 0.365 0.0340407
0.366667 0.365 0.0307146
0.383333 0.365 0.0282167
0.4 0.365 0.0226252
0.416667 0.365 0.0216848
0.433333 0.365 0.0166891
0.45 0.365 0.0170497
0.466667 0.365 0.0139855
0.483333 0.365 0.017218
0.5 0.365 0.0177844
0 0 0
0 0.445 0.0358493
0.0166667 0.445 0.0210356
0.0333333 0.445 0.0302364
0.05 0.445 0.0400543
0.0666667 0.445 0.0350959
0.0833333 0.445 0.0318019
0.1 0.445 0.0272389
0.116667 0.445 0.0337655
0.133333 0.445 0.0359936
0.15 0.445 0.0412084
0.166667 0.445 0.0358466
0.183333 0.445 0.0326996
0.2 0.445 0.0276103
0.216667 0.445 0.0299906
0.233333 0.445 0.0275435
0.25 0.445 0.0293762
0.266667 0.445 0.0234694
0.283333 0.445 0.0249922
0.3 0.445 0.024367
0.316667 0.445 0.0312676
0.333333 0.445 0.0319889
0.35 0.445 0.0343078
0.366667 0.445 0.0310085
0.383333 0.445 0.0283984
0.4 0.445 0.0225531
0.416667 0.445 0.0214577
0.433333 0.445 0.0161574
0.45 0.445 0.0163872
0.466667 0.445 0.0130691
0.483333 0.445 0.0161681
0.5 0.445 0.0166356
0 0 0
0 0.54 0.0824355
0.0166667 0.54 0.0204319
0.0333333 0.54 0.0302043
0.05 0.54 0.0393437
0.0666667 0.54 0.0358653
0.0833333 0.54 0.0303513
0.1 0.54 0.0260581
0.116667 0.54 0.0315748
0.133333 0.54 0.0357878
0.15 0.54 0.0418683
0.166667 0.54 0.0366401
0.183333 0.54 0.0323603
0.2 0.54 0.0271374
0.216667 0.54 0.0291838
0.233333 0.54 0.0271668
0.25 0.54 0.0291598
0.266667 0.54 0.0228282
0.283333 0.54 0.0238648
0.3 0.54 0.0232824
0.316667 0.54 0.0305944
0.333333 0.54 0.0317538
0.35 0.54 0.0344361
0.366667 0.54 0.0313291
0.383333 0.54 0.0285266
0.4 0.54 0.0224622
0.416667 0.54 0.0210063
0.433333 0.54 0.0155189
0.45 0.54 0.015551
0.466667 0.54 0.0119979
0.483333 0.54 0.0148911
0.5 0.54 0.0153159
0 0 0
0 0.66 0.180019
0.0166667 0.66 0.0276851
0.0333333 0.66 0.0508179
0.05 0.66 0.0381201
0.0666667 0.66 0.0382537
0.0833333 0.66 0.0291063
0.1 0.66 0.0265176
0.116667 0.66 0.0291117
0.133333 0.66 0.0351066
0.15 0.66 0.0416786
0.166667 0.66 0.0376873
0.183333 0.66 0.0314145
0.2 0.66 0.0266085
0.216667 0.66 0.0278855
0.233333 0.66 0.0264188
0.25 0.66 0.0285533
0.266667 0.66 0.0221443
0.283333 0.66 0.0224329
0.3 0.66 0.0220348
0.316667 0.66 0.0294536
0.333333 0.66 0.0314145
0.35 0.66 0.0341208
0.366667 0.66 0.0316924
0.383333 0.66 0.0284465
0.4 0.66 0.0223955
0.416667 0.66 0.0202876
0.433333 0.66 0.0146266
0.45 0.66 0.014445
0.466667 0.66 0.0109373
0.483333 0.66 0.0132962
0.5 0.66 0.0137557
0 0 0
0 0.8 0.308784
0.0166667 0.8 0.191747
0.0333333 0.8 0.140731
0.05 0.8 0.0618032
0.0666667 0.8 0.0559446
0.0833333 0.8 0.0335304
0.1 0.8 0.0362073
0.116667 0.8 0.0275195
0.133333 0.8 0.0350131
0.15 0.8 0.0398566
0.166667 0.8 0.0379625
0.183333 0.8 0.0300574
0.2 0.8 0.0268088
0.216667 0.8 0.0258177
0.233333 0.8 0.0254944
0.25 0.8 0.0272844
0.266667 0.8 0.0212975
0.283333 0.8 0.0204559
0.3 0.8 0.0205494
0.316667 0.8 0.0278855
0.333333 0.8 0.0306772
0.35 0.8 0.0335117
0.366667 0.8 0.0319863
0.383333 0.8 0.0281446
0.4 0.8 0.02235
0.416667 0.8 0.0192163
0.433333 0.8 0.0135847
0.45 0.8 0.0131333
0.466667 0.8 0.00990871
0.483333 0.8 0.011557
0.5 0.8 0.0121421
0 0 0
0 0.975 0.451994
0.0166667 0.975 0.394032
0.0333333 0.975 0.25075
0.05 0.975 0.150199
0.0666667 0.975 0.121298
0.0833333 0.975 0.0886949
0.1 0.975 0.0936906
0.116667 0.975 0.0456378
0.133333 0.975 0.0488971
0.15 0.975 0.038438
0.166667 0.975 0.0395921
0.183333 0.975 0.0296113
0.2 0.975 0.0305303
0.216667 0.975 0.0235282
0.233333 0.975 0.0250563
0.25 0.975 0.0252807
0.266667 0.975 0.0207845
0.283333 0.975 0.0182118
0.3 0.975 0.0192804
0.316667 0.975 0.0254357
0.333333 0.975 0.0295231
0.35 0.975 0.0323042
0.366667 0.975 0.0322294
0.383333 0.975 0.0276851
0.4 0.975 0.0225664
0.416667 0.975 0.0177123
0.433333 0.975 0.0123425
0.45 0.975 0.0115277
0.466667 0.975 0.00895498
0.483333 0.975 0.00967362
0.5 0.975 0.0105312
0 0 0
0 1.185 0.583281
0.0166667 1.185 0.525365
0.0333333 1.185 0.361528
0.05 1.185 0.23436
0.0666667 1.185 0.18783
0.0833333 1.185 0.186478
0.1 1.185 0.199946
0.116667 1.185 0.130755
0.133333 1.185 0.0966507
0.15 1.185 0.0518598
0.166667 1.185 0.058194
0.183333 1.185 0.0400142
0.2 1.185 0.0496718
0.216667 1.185 0.0256761
0.233333 1.185 0.0295097
0.25 1.185 0.0231809
0.266667 1.185 0.0216661
0.283333 1.185 0.0168627
0.3 1.185 0.0198014
0.316667 1.185 0.0227615
0.333333 1.185 0.0281473
0.35 1.185 0.0306505
0.366667 1.185 0.032574
0.383333 1.185 0.0271935
0.4 1.185 0.0232717
0.416667 1.185 0.0159704
0.433333 1.185 0.0110949
0.45 1.185 0.00985795
0.466667 1.185 0.00843136
0.483333 1.185 0.00791842
0.5 1.185 0.0090939
0 0 0
0 1.445 0.695229
0.0166667 1.445 0.635411
0.0333333 1.445 0.462974
0.05 1.445 0.309588
0.0666667 1.445 0.248843
0.0833333 1.445 0.260667
0.1 1.445 0.280503
0.116667 1.445 0.211593
0.133333 1.445 0.141947
0.15 1.445 0.0852005
0.166667 1.445 0.0921492
0.183333 1.445 0.0670341
0.2 1.445 0.0891891
0.216667 1.445 0.0417454
0.233333 1.445 0.0467732
0.25 1.445 0.0222592
0.266667 1.445 0.0243537
0.283333 1.445 0.0171352
0.3 1.445 0.0238782
0.316667 1.445 0.0205094
0.333333 1.445 0.0269371
0.35 1.445 0.0287804
0.366667 1.445 0.0331083
0.383333 1.445 0.0268462
0.4 1.445 0.0246182
0.416667 1.445 0.0141057
0.433333 1.445 0.00976445
0.45 1.445 0.00821763
0.466667 1.445 0.00831381
0.483333 1.445 0.00640099
0.5 1.445 0.00805734
0 0 0
0 1.755 0.780662
0.0166667 1.755 0.718276
0.0333333 1.755 0.538568
0.05 1.755 0.361506
0.0666667 1.755 0.290209
0.0833333 1.755 0.311156
0.1 1.755 0.339554
0.116667 1.755 0.271048
0.133333 1.755 0.176845
0.15 1.755 0.11015
0.166667 1.755 0.112939
0.183333 1.755 0.115335
0.2 1.755 0.131386
0.216667 1.755 0.0755616
0.233333 1.755 0.0645683
0.25 1.755 0.0224542
0.266667 1.755 0.0380159
0.283333 1.755 0.0191469
0.3 1.755 0.0264348
0.316667 1.755 0.0191068
0.333333 1.755 0.0264482
0.35 1.755 0.0272336
0.366667 1.755 0.0338296
0.383333 1.755 0.0269798
0.4 1.755 0.0267501
0.416667 1.755 0.0123291
0.433333 1.755 0.00839395
0.45 1.755 0.00669219
0.466667 1.755 0.00804666
0.483333 1.755 0.00507324
0.5 1.755 0.00721314
0 0 0
0 2.135 0.844495
0.0166667 2.135 0.777966
0.0333333 2.135 0.583917
0.05 2.135 0.383357
0.0666667 2.135 0.304851
0.0833333 2.135 0.33501
0.1 2.135 0.373077
0.116667 2.135 0.30596
0.133333 2.135 0.194103
0.15 2.135 0.123745
0.166667 2.135 0.121659
0.183333 2.135 0.137012
0.2 2.135 0.151636
0.216667 2.135 0.100329
0.233333 2.135 0.0707769
0.25 2.135 0.0358707
0.266667 2.135 0.0520468
0.283333 2.135 0.0264615
0.3 2.135 0.034209
0.316667 2.135 0.0201861
0.333333 2.135 0.0297956
0.35 2.135 0.0269184
0.366667 2.135 0.0359855
0.383333 2.135 0.0312836
0.4 2.135 0.0331697
0.416667 2.135 0.0123158
0.433333 2.135 0.00783026
0.45 2.135 0.00642236
0.466667 2.135 0.0099007
0.483333 2.135 0.00532704
0.5 2.135 0.00817222
0 0 0
0 2.6 0.89036
0.0166667 2.6 0.818106
0.0333333 2.6 0.596112
0.05 2.6 0.367595
0.0666667 2.6 0.288584
0.0833333 2.6 0.340273
0.1 2.6 0.399263
0.116667 2.6 0.335988
0.133333 2.6 0.207885
0.15 2.6 0.133213
0.166667 2.6 0.132821
0.183333 2.6 0.164203
0.2 2.6 0.182888
0.216667 2.6 0.13355
0.233333 2.6 0.0840865
0.25 2.6 0.0600801
0.266667 2.6 0.0708811
0.283333 2.6 0.0702132
0.3 2.6 0.0751449
0.316667 2.6 0.0229244
0.333333 2.6 0.018869
0.35 2.6 0.0247811
0.366667 2.6 0.0355073
0.383333 2.6 0.0248933
0.4 2.6 0.0357959
0.416667 2.6 0.0101625
0.433333 2.6 0.00253796
0.45 2.6 0.00480609
0.466667 2.6 0.00896833
0.483333 2.6 0.00335544
0.5 2.6 0.00621131
0 0 0
0 3.165 0.922355
0.0166667 3.165 0.841575
0.0333333 3.165 0.567174
0.05 3.165 0.334519
0.0666667 3.165 0.242906
0.0833333 3.165 0.334484
0.1 3.165 0.437204
0.116667 3.165 0.38076
0.133333 3.165 0.228453
0.15 3.165 0.145326
0.166667 3.165 0.150773
0.183333 3.165 0.208623
0.2 3.165 0.243745
0.216667 3.165 0.186981
0.233333 3.165 0.112565
0.25 3.165 0.0860688
0.266667 3.165 0.0951546
0.283333 3.165 0.113129
0.3 3.165 0.112696
0.316667 3.165 0.0772313
0.333333 3.165 0.0335972
0.35 3.165 0.0410294
0.366667 3.165 0.0376552
0.383333 3.165 0.0428354
0.4 3.165 0.02671
0.416667 3.165 0.00653991
0.433333 3.165 0.00181931
0.45 3.165 0.00291998
0.466667 3.165 0.00344093
0.483333 3.165 0.00171245
0.5 3.165 0.00277839
0 0 0
0 3.85 0.944384
0.0166667 3.85 0.615927
0.0333333 3.85 0.213779
0.05 3.85 0.405774
0.0666667 3.85 0.166987
0.0833333 3.85 0.310085
0.1 3.85 0.473502
0.116667 3.85 0.421314
0.133333 3.85 0.236356
0.15 3.85 0.139259
0.166667 3.85 0.154692
0.183333 3.85 0.248546
0.2 3.85 0.32153
0.216667 3.85 0.249086
0.233333 3.85 0.137154
0.25 3.85 0.0979036
0.266667 3.85 0.111205
0.283333 3.85 0.161654
0.3 3.85 0.170764
0.316667 3.85 0.112252
0.333333 3.85 0.0247838
0.35 3.85 0.0266378
0.366667 3.85 0.0322828
0.383333 3.85 0.0198067
0.4 3.85 0.0217302
0.416667 3.85 0.00174184
0.433333 3.85 0.0188022
0.45 3.85 0.0158796
0.466667 3.85 0.070077
0.483333 3.85 0.0102533
0.5 3.85 0.000828175
0 0 0
0 4.685 0.9597
0.0166667 4.685 0.570909
0.0333333 4.685 0.227759
0.05 4.685 0.494843
0.0666667 4.685 0.441668
0.0833333 4.685 0.246176
0.1 4.685 0.458109
0.116667 4.685 0.377813
0.133333 4.685 0.150442
0.15 4.685 0.0502355
0.166667 4.685 0.0433483
0.183333 4.685 0.100281
0.2 4.685 0.13569
0.216667 4.685 0.0428273
0.233333 4.685 0.0021212
0.25 4.685 0.00314974
0.266667 4.685 0.000862905
0.283333 4.685 0.0019422
0.3 4.685 3.47299e-05
0.316667 4.685 0.000146934
0.333333 4.685 0.000178993
0.35 4.685 0.000478204
0.366667 4.685 0.000165635
0.383333 4.685 0.000569036
0.4 4.685 0.00019235
0.416667 4.685 0.000357985
0.433333 4.685 -2.67153e-06
0.45 4.685 0.000531635
0.466667 4.685 0.000403401
0.483333 4.685 0.000165635
0.5 4.685 -3.47299e-05
0 0 0
0 5.7 0.969972
0.0166667 5.7 0.543865
0.0333333 5.7 0.297884
0.05 5.7 0.626771
0.0666667 5.7 0.0546515
0.0833333 5.7 0.127905
0.1 5.7 0.0303727
0.116667 5.7 0.364897
0.133333 5.7 0.0914198
0.15 5.7 0.0206376
0.166667 5.7 0.024864
0.183333 5.7 0.00681241
0.2 5.7 0.00452825
0.216667 5.7 0.000732
0.233333 5.7 7.21314e-05
0.25 5.7 1.87007e-05
0.266667 5.7 -1.60292e-05
0.283333 5.7 1.06861e-05
0.3 5.7 1.87007e-05
0.316667 5.7 5.34306e-06
0.333333 5.7 -1.33577e-05
0.35 5.7 2.67153e-06
0.366667 5.7 -1.06861e-05
0.383333 5.7 4.27445e-05
0.4 5.7 6.67883e-05
0.416667 5.7 0.000200365
0.433333 5.7 -5.07591e-05
0.45 5.7 0.000248453
0.466667 5.7 0.000117547
0.483333 5.7 0.000141591
0.5 5.7 -2.67153e-06
0 0 0
0 6.95 0.977019
0.0166667 6.95 0.538236
0.0333333 6.95 0.193462
0.05 6.95 0.801649
0.0666667 6.95 0.0345883
0.0833333 6.95 0.243256
0.1 6.95 0.535169
0.116667 6.95 0.280896
0.133333 6.95 0.0462603
0.15 6.95 0.00967896
0.166667 6.95 0.00731733
0.183333 6.95 -5.34306e-06
0.2 6.95 2.67153e-06
0.216667 6.95 2.67153e-05
0.233333 6.95 4.54161e-05
0.25 6.95 -2.67153e-06
0.266667 6.95 2.67153e-06
0.283333 6.95 2.67153e-06
0.3 6.95 1.06861e-05
0.316667 6.95 2.67153e-06
0.333333 6.95 5.34306e-06
0.35 6.95 2.67153e-06
0.366667 6.95 -2.67153e-06
0.383333 6.95 3.47299e-05
0.4 6.95 -2.67153e-06
0.416667 6.95 0.000117547
0.433333 6.95 6.67883e-05
0.45 6.95 -1.33577e-05
0.466667 6.95 -2.13723e-05
0.483333 6.95 -1.87007e-05
0.5 6.95 -2.67153e-06
0 0 0
0 8.45 0.981721
0.0166667 8.45 0.546051
0.0333333 8.45 0.327025
0.05 8.45 0.883885
0.0666667 8.45 0.652412
0.0833333 8.45 0.194634
0.1 8.45 0.796413
0.116667 8.45 0.021244
0.133333 8.45 0.00010419
0.15 8.45 0.000106861
0.166667 8.45 -2.67153e-06
0.183333 8.45 2.67153e-06
0.2 8.45 -2.67153e-06
0.216667 8.45 2.67153e-06
0.233333 8.45 -5.34306e-06
0.25 8.45 -2.67153e-06
0.266667 8.45 -2.67153e-06
0.283333 8.45 -2.67153e-06
0.3 8.45 8.0146e-06
0.316667 8.45 2.67153e-06
0.333333 8.45 8.0146e-06
0.35 8.45 5.34306e-06
0.366667 8.45 -5.34306e-06
0.383333 8.45 8.0146e-06
0.4 8.45 1.60292e-05
0.416667 8.45 8.28175e-05
0.433333 8.45 8.0146e-06
0.45 8.45 -2.40438e-05
0.466667 8.45 -2.67153e-05
0.483333 8.45 -2.40438e-05
0.5 8.45 -2.67153e-06
0 0 0
0 10.25 0.984882
0.0166667 10.25 0.492409
0.0333333 10.25 0.665489
0.05 10.25 0.895663
0.0666667 10.25 0.0061472
0.0833333 10.25 0.000833518
0.1 10.25 0.0021025
0.116667 10.25 -2.67153e-06
0.133333 10.25 5.34306e-06
0.15 10.25 -2.67153e-06
0.166667 10.25 -2.67153e-06
0.183333 10.25 2.67153e-06
0.2 10.25 -2.67153e-06
0.216667 10.25 2.67153e-06
0.233333 10.25 2.67153e-06
0.25 10.25 -2.67153e-06
0.266667 10.25 2.67153e-06
0.283333 10.25 2.67153e-06
0.3 10.25 2.67153e-06
0.316667 10.25 2.67153e-06
0.333333 10.25 2.67153e-06
0.35 10.25 2.67153e-06
0.366667 10.25 -2.67153e-06
0.383333 10.25 5.34306e-06
0.4 10.25 -2.67153e-06
0.416667 10.25 6.14452e-05
0.433333 10.25 -1.06861e-05
0.45 10.25 -1.33577e-05
0.466667 10.25 -5.34306e-06
0.483333 10.25 -3.20584e-05
0.5 10.25 -1.33577e-05
0 0 0
0 12.5 0.987088
0.0166667 12.5 0.534432
0.0333333 12.5 0.81419
0.05 12.5 0.000141591
0.0666667 12.5 0.000374015
0.0833333 12.5 -1.06861e-05
0.1 12.5 -2.67153e-06
0.116667 12.5 -2.67153e-06
0.133333 12.5 2.67153e-06
0.15 12.5 -2.67153e-06
0.166667 12.5 -2.67153e-06
0.183333 12.5 2.67153e-06
0.2 12.5 -2.67153e-06
0.216667 12.5 2.67153e-06
0.233333 12.5 -2.67153e-06
0.25 12.5 2.67153e-06
0.266667 12.5 2.67153e-06
0.283333 12.5 -2.67153e-06
0.3 12.5 2.67153e-06
0.316667 12.5 -2.67153e-06
0.333333 12.5 2.67153e-06
0.35 12.5 2.67153e-06
0.366667 12.5 2.67153e-06
0.383333 12.5 4.27445e-05
0.4 12.5 1.33577e-05
0.416667 12.5 5.61022e-05
0.433333 12.5 2.40438e-05
0.45 12.5 -5.34306e-06
0.466667 12.5 -2.67153e-06
0.483333 12.5 -6.94598e-05
0.5 12.5 -5.34306e-06
