0.282412
0.289374
0.290273
0.2941
0.3124
0.314274
0.318412
0.318529
0.319339
0.319566
0.32629
0.327118
0.329655
0.331745
0.333918
0.338833
0.341719
0.342141
0.345502
0.350657
0.350947
0.353073
0.354185
0.354724
0.355449
0.356523
0.357116
0.357563
0.358201
0.358502
0.358689
0.360778
0.362307
0.363808
0.364107
0.364182
0.365912
0.369787
0.37229
0.373396
0.374536
0.376579
0.380629
0.380904
0.385409
0.386443
0.3884
0.38868
0.390872
0.39332
0.393492
0.394948
0.395865
0.396563
0.401143
0.401219
0.402739
0.405058
0.405507
0.405943
0.406256
0.407689
0.408333
0.411474
0.411724
0.412516
0.4129
0.413334
0.414739
0.416333
0.420744
0.422156
0.423774
0.427076
0.42834
0.429095
0.435034
0.440155
0.441135
0.444794
0.445686
0.446076
0.453597
0.45462
0.455635
0.45771
0.461667
0.462282
0.467925
0.474468
0.479948
0.482104
0.532454
0.536329
0.561462
0.561793
0.586978
0.590345
0.647136
0.747113
