0.193655
0.215607
0.22294
0.225348
0.241192
0.241221
0.242935
0.243646
0.25248
0.25477
0.255673
0.256164
0.265461
0.267046
0.269713
0.271011
0.276607
0.278053
0.282724
0.284164
0.284509
0.286193
0.286292
0.286843
0.288269
0.290142
0.291782
0.292409
0.292632
0.29382
0.301179
0.308137
0.312174
0.321496
0.321892
0.322206
0.325848
0.327183
0.329822
0.331605
0.341641
0.341872
0.344426
0.349486
0.353114
0.365413
0.367284
0.37129
0.375837
0.382877
0.385578
0.392169
0.392484
0.403993
0.411488
0.414808
0.415481
0.421297
0.421359
0.424256
0.426047
0.433833
0.444111
0.444386
0.457219
0.457679
0.458884
0.460209
0.462856
0.46677
0.468614
0.489524
0.493456
0.505828
0.507565
0.512479
0.518348
0.52108
0.537033
0.539015
0.541924
0.542271
0.543402
0.543566
0.551859
0.559024
0.571077
0.573618
0.579631
0.589978
0.60148
0.604181
0.606863
0.616737
0.627442
0.632887
0.655263
0.665712
0.705288
0.740876
