3.94224e-05
4.51137e-05
4.78661e-05
4.89725e-05
5.06523e-05
6.53024e-05
6.89753e-05
7.20638e-05
7.2131e-05
7.47084e-05
8.07586e-05
8.1502e-05
8.38327e-05
8.74734e-05
8.83011e-05
8.97584e-05
9.03038e-05
9.03324e-05
9.03517e-05
9.05035e-05
9.07021e-05
9.08131e-05
9.10877e-05
9.13658e-05
9.1827e-05
9.27991e-05
9.3929e-05
9.39803e-05
9.61069e-05
9.96751e-05
9.99527e-05
0.000100137
0.00010112
0.000107229
0.000112983
0.000114725
0.000115797
0.000122139
0.000122211
0.000126956
0.000128128
0.000131207
0.000131502
0.000131695
0.000131848
0.000134196
0.00013641
0.000139805
0.000141562
0.000141861
0.000143552
0.000144954
0.000150027
0.000154805
0.000155628
0.000155643
0.000157315
0.000163582
0.000165831
0.000171929
0.000172888
0.000175264
0.000176295
0.000177741
0.000178205
0.000178482
0.000179174
0.00018256
0.000185138
0.000187472
0.000192493
0.000194769
0.000200107
0.000208333
0.000208534
0.000238357
0.000238997
0.000261054
0.000263002
0.00027057
0.000271131
0.000271794
0.000272016
0.000288953
0.000293843
0.000310163
0.000319
0.000320714
0.000323586
0.000337596
0.000337721
0.000342928
0.000351984
0.000390093
0.000390581
0.00049858
0.000762471
0.000882892
0.00113808
0.00120586
