0.000225401
0.000284879
0.000301788
0.000324945
0.000337114
0.000337406
0.000343226
0.000348286
0.00035601
0.000357267
0.000369697
0.000384298
0.000390631
0.000396737
0.000397259
0.000405121
0.000422037
0.000433992
0.000438462
0.000439114
0.000440178
0.000445389
0.000476516
0.000483303
0.000483922
0.000487181
0.000489043
0.000491492
0.000495606
0.000526768
0.000527386
0.000530683
0.000531186
0.000532672
0.000536561
0.000539805
0.000561232
0.000564474
0.000587278
0.000613148
0.000620912
0.000652154
0.000657388
0.00069474
0.000697426
0.000697867
0.000709657
0.000715186
0.000715679
0.000724152
0.000779876
0.000788634
0.000795026
0.000828937
0.000840625
0.000842039
0.000849688
0.000855997
0.0008577
0.000858932
0.00089119
0.000920267
0.000942443
0.000956903
0.000961199
0.00101204
0.00102094
0.00110957
0.00114111
0.00118213
0.00122928
0.00125263
0.00134409
0.00135069
0.00139157
0.00140815
0.00144145
0.00151255
0.00151949
0.00155438
0.00164732
0.00165312
0.00168374
0.00173544
0.0017817
0.00188119
0.00193922
0.0019689
0.00201046
0.00203488
0.00204603
0.00228001
0.00252438
0.00275575
0.00304533
0.00314497
0.00317072
0.00372364
0.00590306
0.00642071
