0.0075295
0.00833301
0.00861193
0.0103542
0.010513
0.0107809
0.0108122
0.0109392
0.0110971
0.0111379
0.0113144
0.0113373
0.0114152
0.0114937
0.0116037
0.0120994
0.0121261
0.0121854
0.0122619
0.0122666
0.0123816
0.0124402
0.0125645
0.0126535
0.0130229
0.0133764
0.0135069
0.0136625
0.0139939
0.0143271
0.0145015
0.0147951
0.0152623
0.0152636
0.0152752
0.0152782
0.0153662
0.0154167
0.0155574
0.0160028
0.0160533
0.0161142
0.016124
0.0162501
0.0164073
0.0164597
0.0167307
0.0173171
0.0174819
0.0175221
0.0175385
0.0177315
0.0178427
0.0179759
0.0185662
0.0185824
0.0186236
0.0187634
0.0187764
0.0190468
0.0191127
0.0199347
0.0199939
0.020269
0.0204461
0.0207398
0.0209085
0.0210026
0.0213329
0.0218706
0.0233219
0.0235809
0.0245541
0.0247085
0.0247239
0.024726
0.0249788
0.0254451
0.0259893
0.0262289
0.0264296
0.0265394
0.0265771
0.0267522
0.026799
0.0272444
0.0278366
0.0279358
0.0279796
0.0290048
0.0290156
0.029786
0.0308479
0.0311331
0.0322671
0.0368796
0.0374131
0.0432271
0.0557143
0.0688092
