0.00115468
0.00119491
0.00123483
0.00128371
0.0013254
0.00133344
0.00149376
0.001561
0.00167273
0.00168304
0.00204049
0.00204077
0.00210749
0.00212058
0.00214698
0.00217654
0.00223042
0.00223124
0.00227631
0.00233445
0.00236659
0.00240933
0.00241884
0.00242903
0.00255031
0.00266055
0.00266102
0.00268062
0.00268413
0.00270702
0.0027156
0.00277131
0.0027791
0.00287045
0.00300288
0.00304488
0.00308864
0.00314454
0.00318925
0.00320908
0.00326857
0.00330796
0.00334477
0.00340616
0.00344341
0.00344341
0.00360463
0.00373814
0.00375212
0.00379108
0.00382966
0.00385408
0.00391865
0.00397717
0.00399985
0.00402794
0.00413325
0.00435865
0.00439819
0.0044131
0.00455792
0.00458454
0.00472734
0.00497451
0.00509414
0.00513728
0.00515898
0.00521659
0.0053062
0.0054034
0.00549912
0.00553335
0.00559181
0.00560641
0.00561025
0.00565775
0.00570991
0.00573384
0.00588785
0.00619671
0.00622226
0.00627825
0.00635839
0.00660572
0.00664645
0.00671072
0.00697037
0.00737592
0.0073841
0.00793038
0.0083185
0.00838537
0.00938033
0.00971595
0.0111917
0.0111941
0.0123715
0.0133852
0.0139347
0.0203779
