0.000115524
0.000132263
0.000132301
0.000139053
0.000142188
0.000164113
0.000164346
0.000167194
0.00016857
0.000171654
0.000179658
0.000183681
0.000184518
0.000187882
0.000188171
0.000196191
0.000196315
0.000196339
0.000196367
0.000199261
0.000200283
0.000201883
0.000210573
0.00021286
0.000213103
0.000213646
0.000213907
0.000214869
0.000214883
0.00022636
0.000226778
0.000243084
0.000243258
0.000257641
0.000257936
0.000258327
0.000261341
0.000263773
0.000271302
0.000273441
0.000282487
0.000282826
0.000288784
0.000290665
0.000290767
0.000296087
0.000301974
0.000315786
0.000324622
0.000338797
0.000339669
0.000341711
0.000344168
0.000348363
0.000356897
0.000366702
0.00037353
0.00037824
0.000381598
0.000383217
0.00038435
0.000386358
0.000391247
0.000392766
0.000393345
0.000393897
0.000395202
0.000406319
0.000414988
0.000416233
0.000428109
0.000436988
0.000443431
0.000446412
0.00045386
0.000455252
0.000460969
0.000464659
0.000483078
0.000498499
0.000514036
0.000542378
0.000550429
0.000554535
0.000560714
0.000570321
0.000613932
0.000676653
0.000678764
0.000727778
0.000764598
0.000870009
0.000890047
0.000900266
0.000986118
0.00139555
0.00141713
0.00173957
0.0020242
0.00209152
