1.96158
1.9731
2.05943
2.10301
2.11192
2.11516
2.13516
2.13563
2.15315
2.1596
2.17884
2.1847
2.18712
2.18721
2.18901
2.19759
2.2189
2.22583
2.22792
2.2313
2.23251
2.23403
2.24329
2.24979
2.25307
2.25963
2.26071
2.26204
2.26983
2.27288
2.27293
2.27352
2.2749
2.27743
2.28187
2.31192
2.31612
2.32165
2.33483
2.33967
2.34144
2.34219
2.34512
2.35309
2.36213
2.36661
2.37079
2.39078
2.39956
2.40021
2.40688
2.41277
2.42371
2.43377
2.43828
2.44029
2.44393
2.45625
2.46154
2.47588
2.48393
2.48768
2.49716
2.49815
2.52346
2.54254
2.54943
2.57772
2.57892
2.57967
2.58046
2.58189
2.5819
2.62438
2.68122
2.68801
2.69293
2.70175
2.72292
2.73141
2.74044
2.74792
2.75515
2.76807
2.79148
2.81172
2.85152
2.91416
2.92913
2.94087
2.98295
2.99451
3.03077
3.14387
3.15272
3.15692
3.1838
3.20419
3.32501
3.96552
