0.000200602
0.000275107
0.000333249
0.00033401
0.000383779
0.000405811
0.000420379
0.000421242
0.000428187
0.000445309
0.000447174
0.000452926
0.000457583
0.000460997
0.000468799
0.000470608
0.000482057
0.000514057
0.000527703
0.00055341
0.000555718
0.000556495
0.000563495
0.000564584
0.000566117
0.000568149
0.00060797
0.000610044
0.000622313
0.000627983
0.000634088
0.000640523
0.00064368
0.000650846
0.000653854
0.000667929
0.00067491
0.000696238
0.000711695
0.000717184
0.000721065
0.000738909
0.000739101
0.000746784
0.000761122
0.000792166
0.000800262
0.000803742
0.000804507
0.000812878
0.000815015
0.000841921
0.000949642
0.000957207
0.000957918
0.000967381
0.000975176
0.000998402
0.00101278
0.00102312
0.00103104
0.00104788
0.00104808
0.00104905
0.00106956
0.00111667
0.00113919
0.00119583
0.0012027
0.00120584
0.00125272
0.0012994
0.00132938
0.00136943
0.00138522
0.00139279
0.0014159
0.00147584
0.00147976
0.00152853
0.00157692
0.00159371
0.00164748
0.00172085
0.00175318
0.00177328
0.00186857
0.00187894
0.00197454
0.00199596
0.0020026
0.00202901
0.00249443
0.00277462
0.00287598
0.00290192
0.00318526
0.00451595
0.00454787
0.00721611
