0.000176243
0.000222987
0.000235453
0.00023943
0.000260127
0.000298428
0.000300122
0.00031919
0.000324601
0.000329701
0.000337868
0.000338015
0.00035517
0.000361297
0.000362013
0.000364586
0.000369027
0.000375195
0.000380484
0.000380786
0.000386717
0.000410789
0.000419854
0.000430109
0.000434481
0.000448191
0.000454348
0.000458508
0.00045939
0.000463176
0.000466698
0.000482906
0.000501224
0.000503098
0.00050754
0.000509474
0.00051231
0.00057011
0.000580817
0.000587665
0.000588504
0.000592729
0.000599494
0.00060612
0.000659723
0.00066407
0.000670454
0.000676838
0.000678251
0.000679874
0.00069084
0.00069465
0.000727072
0.000733199
0.000753919
0.000754768
0.000777082
0.00078577
0.000801716
0.000802023
0.000816673
0.000866058
0.000872917
0.000882872
0.000892759
0.000982846
0.000985462
0.00111107
0.00115515
0.00119112
0.0012607
0.00127823
0.00127982
0.00132411
0.00134917
0.00144177
0.00152742
0.00153572
0.001539
0.00158332
0.00179194
0.00181241
0.00182365
0.00188241
0.0019042
0.00200613
0.00203947
0.00213521
0.00221501
0.00222389
0.00225709
0.00227857
0.00239981
0.00258183
0.00359812
0.00393067
0.00414834
0.00567358
0.00765527
0.0121127
