0.254679
0.273853
0.281466
0.292486
0.2972
0.299707
0.302414
0.302439
0.303623
0.30797
0.308915
0.309034
0.309296
0.314967
0.317891
0.321748
0.323654
0.324361
0.32765
0.328876
0.329758
0.331666
0.332663
0.333626
0.339529
0.340461
0.341244
0.344001
0.346157
0.346766
0.347378
0.34916
0.349268
0.350116
0.350694
0.351229
0.351376
0.353847
0.354556
0.359135
0.362341
0.36304
0.363945
0.364867
0.365031
0.365884
0.369327
0.372108
0.375695
0.375961
0.377172
0.377563
0.379595
0.383587
0.383589
0.385939
0.386714
0.38782
0.38799
0.392157
0.393348
0.393898
0.396045
0.396687
0.397114
0.397658
0.398918
0.408154
0.4118
0.413651
0.42077
0.422179
0.422233
0.42396
0.426229
0.426753
0.426967
0.435558
0.445543
0.445772
0.448399
0.450377
0.45319
0.456226
0.458364
0.467343
0.482822
0.4854
0.493045
0.495523
0.500714
0.514114
0.517852
0.519272
0.540121
0.551654
0.589478
0.593064
0.740031
0.918191
