5.86507e-05
6.75726e-05
7.68053e-05
8.42387e-05
8.58164e-05
9.19074e-05
9.24326e-05
9.68682e-05
9.91265e-05
0.000101752
0.000102461
0.000102988
0.000106018
0.000108375
0.00011172
0.000113798
0.000114825
0.000115214
0.000116083
0.000116637
0.000117356
0.000119121
0.000119837
0.000120378
0.000122091
0.000122462
0.000125478
0.000125519
0.000126572
0.000127063
0.000131295
0.000133639
0.00013378
0.000135408
0.000136354
0.000139609
0.000139737
0.000142676
0.000142885
0.000144406
0.000145271
0.000146233
0.000146355
0.000147051
0.000147762
0.000150647
0.000150807
0.000150966
0.000153088
0.000155337
0.000159524
0.000162138
0.000165527
0.000166984
0.000176192
0.000177171
0.000179294
0.000181587
0.000184515
0.000186332
0.000186691
0.000186967
0.000188453
0.000193117
0.00019917
0.000200886
0.000203373
0.000210652
0.000211706
0.000212596
0.000215282
0.000217885
0.000223437
0.000225223
0.000225494
0.000227542
0.000230131
0.000232626
0.000237478
0.00023948
0.000242287
0.00025535
0.000263881
0.000264526
0.000272839
0.000277031
0.00030997
0.000325761
0.000326806
0.000344757
0.000347778
0.000370771
0.000405479
0.000428034
0.000430669
0.000443458
0.000499275
0.000537196
0.000752944
0.000981152
