0.00617922
0.00722023
0.00729982
0.00790826
0.00800446
0.00801984
0.00809652
0.00834978
0.00871405
0.00918283
0.00928606
0.00930998
0.00977084
0.010001
0.0101046
0.0101384
0.0105887
0.0105924
0.0106985
0.0108323
0.010864
0.0112229
0.0112395
0.0113253
0.0115514
0.0117196
0.0118734
0.012214
0.0125046
0.0125622
0.0126607
0.0126844
0.0129705
0.0130686
0.013325
0.0133266
0.0133987
0.0138425
0.0141057
0.0142378
0.0142779
0.0142794
0.0143632
0.014764
0.0150708
0.0153161
0.0153221
0.0159571
0.0159725
0.0160967
0.0161586
0.0165044
0.0166395
0.0171616
0.0172833
0.0175358
0.0176939
0.0180516
0.0180754
0.0187296
0.0188601
0.019068
0.0193782
0.0197365
0.0199446
0.0200656
0.0201134
0.0201831
0.0204365
0.0207195
0.0207426
0.0214402
0.0216606
0.0217742
0.0221485
0.0221818
0.0239433
0.0240629
0.0245614
0.0278067
0.0281223
0.0287129
0.0305504
0.0309178
0.0317299
0.0323457
0.0332436
0.033614
0.0358423
0.0360213
0.0362216
0.0366362
0.0373216
0.0377803
0.0409029
0.0423149
0.0451374
0.0518396
0.0654029
0.0768737
