0.00669792
0.00718627
0.00813776
0.00886978
0.00891936
0.00898503
0.00907893
0.00916748
0.00955232
0.00963572
0.00986034
0.00997454
0.0101075
0.010122
0.01021
0.010938
0.0110033
0.0110169
0.0114661
0.0116393
0.0117331
0.0119873
0.0121888
0.0124772
0.0127341
0.0127368
0.0129166
0.0129266
0.0134484
0.0134706
0.0136305
0.0138086
0.0139427
0.0144708
0.0146507
0.0147467
0.0147472
0.0147555
0.0149824
0.0152505
0.0153434
0.0155861
0.0156113
0.0156179
0.0156665
0.0156949
0.0157537
0.0159678
0.0165109
0.0169066
0.0170177
0.0172969
0.0173407
0.0173616
0.017427
0.0181065
0.0184389
0.018778
0.0189508
0.0192303
0.0193489
0.0196038
0.0196984
0.0197467
0.0206585
0.0207145
0.0208592
0.020904
0.0220023
0.0223706
0.0230423
0.023225
0.0232643
0.0236457
0.0240513
0.0241822
0.0243158
0.0243966
0.024548
0.0249985
0.0255703
0.0255708
0.0263936
0.0266065
0.0268305
0.0275456
0.0282905
0.0286227
0.0295263
0.0314194
0.0321753
0.0322353
0.0323871
0.0334287
0.0368461
0.0369954
0.0381642
0.0609307
0.0700034
0.0788177
