6.6277e-05
7.25559e-05
8.11593e-05
8.30748e-05
8.69232e-05
8.72395e-05
8.73365e-05
8.95064e-05
9.09345e-05
9.46507e-05
9.92073e-05
0.000101118
0.000103125
0.000105875
0.000107952
0.000108708
0.000108802
0.000110829
0.0001118
0.00011429
0.000114737
0.000118919
0.000119094
0.000119479
0.000122634
0.000124759
0.000125112
0.000126596
0.000126665
0.000130966
0.000133315
0.000134423
0.000136383
0.000140582
0.000142122
0.000143088
0.000145786
0.000146171
0.000149205
0.000151617
0.00015393
0.000157166
0.000157635
0.000158303
0.000160301
0.000160658
0.000161616
0.000162652
0.000164042
0.000164538
0.000165132
0.000166292
0.000166406
0.00016823
0.000169196
0.000174368
0.000175446
0.000176304
0.000177
0.000178961
0.000178995
0.000179022
0.000179122
0.00018341
0.000184814
0.000197274
0.000199415
0.000203359
0.000204239
0.000204688
0.000215644
0.000215657
0.000223941
0.000227887
0.000238772
0.000244429
0.000256312
0.000257282
0.000258316
0.000259149
0.000262726
0.000265367
0.000266982
0.000271805
0.000272943
0.000275278
0.000290127
0.000310245
0.000316887
0.000340076
0.000340724
0.000344145
0.000415451
0.000424352
0.000453748
0.00054135
0.000561579
0.000703842
0.000878034
0.00254394
