0.0440519
0.0459253
0.0481785
0.0542581
0.0542586
0.056021
0.0562852
0.0569493
0.0584645
0.0586391
0.0587535
0.0597156
0.0603238
0.0633302
0.0638771
0.0645768
0.0648176
0.065159
0.0652402
0.0667143
0.066985
0.0675874
0.0676486
0.0677934
0.0678268
0.0700702
0.0711712
0.0717093
0.0725029
0.0726332
0.0729366
0.0739171
0.0741221
0.0741322
0.0745522
0.0747175
0.0750844
0.0752689
0.0754504
0.0759163
0.0759981
0.0775476
0.0776474
0.0778802
0.0783966
0.0785627
0.0787652
0.0789622
0.0790217
0.0796412
0.0799816
0.080203
0.0804239
0.0828742
0.0834941
0.0836276
0.0838255
0.0847948
0.0848494
0.0849598
0.0854081
0.0857487
0.0861058
0.0882994
0.0885217
0.08882
0.0894861
0.0924897
0.092944
0.0932786
0.0935137
0.0956626
0.0983076
0.0989823
0.0999691
0.101414
0.102339
0.102615
0.105805
0.107207
0.107397
0.108614
0.110123
0.110423
0.111685
0.114561
0.114776
0.114842
0.116712
0.118059
0.119506
0.124391
0.129992
0.132573
0.13357
0.138118
0.147708
0.153103
0.162866
0.2311
