8.34668e-05
8.59053e-05
9.4464e-05
9.61268e-05
9.91646e-05
0.000103061
0.000113661
0.000114302
0.000118122
0.000122631
0.000124279
0.000124429
0.000129994
0.000130474
0.000133263
0.000135368
0.000139323
0.000139662
0.000142493
0.000142819
0.000142931
0.000143554
0.000147185
0.0001517
0.000152051
0.000153222
0.000153918
0.000155248
0.000156027
0.000158807
0.000160179
0.000160857
0.00016209
0.000162421
0.000163797
0.000164835
0.00016772
0.000169034
0.000170645
0.000171646
0.000174438
0.000174942
0.000175845
0.000179876
0.00018066
0.000182779
0.000183448
0.000185503
0.000188975
0.00018986
0.000192838
0.000195829
0.00019825
0.000200053
0.000200323
0.000200725
0.000204919
0.000212985
0.000213125
0.000213436
0.000216988
0.000222801
0.000223521
0.000225226
0.000227464
0.000235551
0.000240772
0.000243325
0.000244721
0.000248608
0.000250566
0.00025625
0.000259907
0.000262496
0.000265691
0.00027664
0.00028406
0.000286419
0.000288687
0.000290973
0.000296755
0.000300412
0.000317603
0.000331643
0.000341768
0.00035096
0.00035253
0.000369172
0.000369215
0.000401273
0.000427066
0.000450115
0.000453363
0.000476089
0.000476824
0.000499288
0.000507685
0.000631505
0.000694967
0.000722853
