0.00023109
0.000368598
0.000379034
0.000413554
0.000414363
0.00043174
0.000463525
0.000469636
0.000471737
0.00047633
0.00049183
0.00049383
0.000504214
0.000510603
0.000533485
0.000546219
0.000549121
0.000571907
0.000583068
0.00058585
0.00060015
0.000601471
0.000604839
0.000606343
0.00061631
0.000629537
0.000640796
0.000651994
0.000657781
0.000664823
0.000665143
0.000693594
0.000700165
0.000703715
0.000706271
0.000709144
0.000722593
0.000730318
0.000755841
0.000758037
0.000764106
0.000780472
0.000801379
0.0008116
0.000814102
0.000816082
0.000831504
0.000834365
0.0008384
0.000870863
0.000877472
0.000881255
0.000900978
0.000901499
0.000904529
0.000913824
0.000915733
0.000926553
0.000931353
0.000956896
0.000961007
0.000976175
0.00102463
0.00102664
0.00103038
0.00105506
0.0010577
0.00111604
0.00114514
0.0011648
0.00118364
0.00122848
0.00123964
0.00133644
0.00137768
0.00140159
0.00141527
0.00142315
0.00143572
0.00147922
0.00155342
0.00156211
0.00161046
0.00169695
0.0019219
0.00194527
0.00196545
0.0020283
0.00204322
0.00208046
0.00215184
0.00237396
0.00240781
0.00252139
0.00270473
0.00285876
0.00298589
0.00402264
0.00507508
0.00558462
