0.0001398
0.000151721
0.000178496
0.000183542
0.000188712
0.000194748
0.000203099
0.000204481
0.000207676
0.000211226
0.000217197
0.000217233
0.000217983
0.000220068
0.000220507
0.000223598
0.000225607
0.000229406
0.000231772
0.000235849
0.000240911
0.000242891
0.000248625
0.000251973
0.000257963
0.000259952
0.000265609
0.000270222
0.000270241
0.000278478
0.000286547
0.000288916
0.000289088
0.000296916
0.000300285
0.000301301
0.000305218
0.000305306
0.000309042
0.000319047
0.000319949
0.00032083
0.00032233
0.000326431
0.000333584
0.000338336
0.000339394
0.000342103
0.000348438
0.000352978
0.00035575
0.000362157
0.000364614
0.000370631
0.00037452
0.000382831
0.000385696
0.000387634
0.000389416
0.000394128
0.000399532
0.000408803
0.000418758
0.000423145
0.000429473
0.000438464
0.000444524
0.000445155
0.00044594
0.000449301
0.000457764
0.000480044
0.000497461
0.000504751
0.00052313
0.000531659
0.000557634
0.000559032
0.000570021
0.000580366
0.000615304
0.000624402
0.000633161
0.000660531
0.000689301
0.000703995
0.000727069
0.000740897
0.000744004
0.000748864
0.000760154
0.000824389
0.000861043
0.000914298
0.000936522
0.0013657
0.00140355
0.00153456
0.00177209
0.00212834
