0.154831
0.156038
0.16137
0.164354
0.165453
0.169787
0.169936
0.171653
0.172289
0.172449
0.172725
0.174249
0.174268
0.174563
0.174699
0.177277
0.180161
0.183318
0.185023
0.187059
0.18722
0.18856
0.188822
0.189126
0.190027
0.190166
0.190779
0.191615
0.193425
0.196146
0.196202
0.196635
0.197411
0.199665
0.200457
0.201565
0.201838
0.202061
0.202267
0.203591
0.204117
0.204308
0.206539
0.207159
0.207218
0.207603
0.208413
0.209624
0.211051
0.211485
0.211783
0.211878
0.212397
0.2128
0.213024
0.213841
0.214167
0.214594
0.2147
0.214733
0.214774
0.215732
0.218846
0.22278
0.223843
0.225137
0.226294
0.226451
0.227471
0.229939
0.231402
0.233212
0.23433
0.235285
0.238052
0.243378
0.244371
0.246109
0.246376
0.24677
0.247387
0.250342
0.252993
0.253169
0.254742
0.255064
0.26295
0.263036
0.267555
0.267728
0.268401
0.273168
0.277362
0.277416
0.294382
0.296375
0.326996
0.334754
0.371509
0.473463
