0.000218478
0.000221307
0.000254175
0.000283087
0.000316832
0.000325496
0.000337677
0.000359182
0.000376138
0.000377329
0.000379625
0.000380816
0.000381694
0.000389025
0.000399895
0.0004138
0.000417203
0.000422174
0.000438298
0.000446352
0.000458298
0.000473093
0.000485623
0.000490254
0.000500577
0.000506313
0.000513079
0.000523799
0.000531618
0.000535364
0.000566516
0.000574602
0.000583898
0.000586005
0.000586929
0.000589392
0.000601406
0.00061395
0.000617852
0.000637554
0.000664841
0.00066782
0.000672485
0.000680423
0.000700666
0.000710087
0.000724481
0.000740336
0.000758128
0.000780709
0.000789143
0.000789161
0.000818151
0.000820095
0.000826648
0.000841515
0.00085119
0.000861872
0.00087304
0.000883252
0.000979385
0.00100011
0.00100672
0.00103496
0.00107356
0.00109098
0.001091
0.00112624
0.00115062
0.00115445
0.00116016
0.00116524
0.001176
0.00117951
0.00120241
0.00120257
0.00124142
0.00127368
0.00131478
0.00135082
0.00136034
0.00137672
0.0013836
0.00138923
0.00151429
0.00152995
0.00179704
0.00198885
0.00203184
0.00209076
0.00212927
0.00232912
0.00238033
0.00262478
0.00262753
0.00346969
0.00453389
0.00458491
0.00972436
0.0120533
