0.0039007
0.00582459
0.00591672
0.00611636
0.00655111
0.00668191
0.00716314
0.00723119
0.00736497
0.00742341
0.00759355
0.00770502
0.00786909
0.00788015
0.00793482
0.00803243
0.00804454
0.00816091
0.00825294
0.00856423
0.00880954
0.0089057
0.00894407
0.00903744
0.00925651
0.00936535
0.00942303
0.00951587
0.0095791
0.00997205
0.0101787
0.01019
0.0102887
0.0103039
0.0103745
0.0104596
0.0105976
0.0106823
0.0108813
0.0110565
0.0111785
0.0114131
0.0115171
0.0115684
0.0125421
0.0129824
0.013137
0.0134723
0.0137002
0.0138965
0.0141339
0.0142198
0.0145484
0.0148289
0.0151847
0.0156656
0.0157715
0.0160728
0.0162638
0.0166773
0.0166999
0.0174996
0.0180819
0.0181869
0.0182423
0.0184163
0.0190552
0.0194519
0.0196069
0.0200362
0.0203222
0.0203775
0.0207014
0.0213717
0.0214858
0.0217477
0.0218889
0.0229406
0.023132
0.0233945
0.0241546
0.0243452
0.0244158
0.0244591
0.0245187
0.0249292
0.0252277
0.0271949
0.030799
0.0313828
0.0321001
0.0325717
0.0341685
0.0341961
0.0343573
0.0357998
0.0436832
0.0459709
0.0487689
0.0731233
