5.80882e-05
6.4074e-05
7.23457e-05
7.39065e-05
7.76124e-05
8.32203e-05
8.84933e-05
8.92126e-05
8.96169e-05
9.90455e-05
0.000100982
0.000108155
0.000109115
0.000109273
0.000111623
0.000112965
0.00011619
0.000116375
0.000118087
0.000118754
0.000119213
0.000120558
0.000121669
0.000123673
0.000126753
0.000126855
0.000127291
0.000127465
0.000130565
0.00013063
0.000132013
0.000136772
0.000137673
0.000138383
0.000143066
0.000143947
0.000147327
0.000150209
0.000155009
0.000156195
0.000159284
0.000159777
0.000164044
0.000164914
0.000165051
0.000165073
0.000165149
0.000166674
0.000170116
0.000170323
0.000171523
0.000171979
0.000178732
0.000185186
0.000195499
0.000195695
0.000196006
0.000197391
0.000197995
0.000200184
0.000200366
0.00020116
0.000202019
0.000203253
0.000203319
0.000206428
0.000207507
0.000214414
0.000223157
0.000227696
0.000231524
0.000231622
0.000238639
0.000240257
0.000254704
0.000255115
0.000257992
0.000258442
0.000269288
0.000269684
0.000281746
0.000290481
0.000294826
0.000300156
0.000307884
0.000327054
0.000327595
0.000361329
0.000380687
0.000393053
0.000402967
0.000421866
0.000476962
0.000500192
0.000500316
0.000511573
0.000532202
0.000652803
0.000733448
0.00106459
