0.00607627
0.00713619
0.00808375
0.00815903
0.00828248
0.00901351
0.00911481
0.00912413
0.00961759
0.00980324
0.00984394
0.0101273
0.0101485
0.0103948
0.0106648
0.0106772
0.0108191
0.0108427
0.011036
0.0113039
0.0113191
0.0115195
0.0116494
0.0116868
0.0120673
0.0124415
0.0129918
0.0130162
0.0130387
0.0130438
0.0132522
0.0132741
0.0133092
0.0133929
0.0134134
0.0136054
0.0136869
0.0137344
0.0138023
0.0138533
0.0138973
0.0139265
0.013933
0.0139796
0.0141569
0.0148615
0.0148916
0.0149361
0.0149768
0.0151281
0.0153023
0.0153063
0.0155963
0.0156064
0.0156143
0.0158785
0.0165965
0.0166527
0.0167232
0.0174364
0.017443
0.0174878
0.0177099
0.0178308
0.0178685
0.0178865
0.0180149
0.0182533
0.0184238
0.0188937
0.0191322
0.0194343
0.0197014
0.0198383
0.0204931
0.0208192
0.0208331
0.0211886
0.0212616
0.0215095
0.0219
0.0221843
0.0231701
0.0236738
0.0239007
0.0241402
0.0248246
0.0249812
0.0255367
0.0262072
0.0268007
0.028191
0.0304753
0.0312129
0.0312541
0.0319398
0.033026
0.0392467
0.0428777
0.0604939
