0.00026816
0.000296684
0.000316182
0.000336358
0.0003707
0.000392351
0.000396322
0.00040736
0.000412519
0.000413476
0.000414695
0.000458773
0.000459972
0.000473506
0.00048051
0.000487406
0.000507782
0.000508879
0.000516005
0.000517048
0.000529411
0.000560611
0.000594754
0.000598269
0.000610773
0.000612262
0.000612306
0.000638729
0.000641713
0.000643354
0.000649721
0.000676962
0.000692999
0.000700088
0.000711112
0.000730257
0.00073312
0.000771345
0.000783645
0.0007873
0.000823247
0.000827683
0.000831938
0.00084595
0.000857538
0.000868574
0.000881906
0.000904629
0.000915702
0.000920225
0.000926506
0.000940307
0.000942672
0.000945721
0.000964161
0.000967213
0.000971385
0.000985755
0.000986044
0.000989505
0.000991964
0.000994589
0.00101679
0.00102246
0.0010452
0.00105081
0.00107425
0.00107841
0.00108369
0.00109175
0.00110709
0.00113694
0.00113849
0.0012389
0.00124319
0.00124408
0.001308
0.00130824
0.00136687
0.00144684
0.0014748
0.00155849
0.00166511
0.00171692
0.00172344
0.00182888
0.00190627
0.00191047
0.00196684
0.00199061
0.00221328
0.00228599
0.00238234
0.00249316
0.00276127
0.00276556
0.00277567
0.00300725
0.0047215
0.00560259
