0.000921664
0.00132223
0.00149322
0.00160717
0.00165106
0.00168997
0.00173313
0.00179741
0.00205318
0.00208975
0.00209679
0.00213149
0.00223397
0.00224022
0.00224958
0.00228231
0.00232388
0.00234249
0.00234931
0.00236092
0.00236745
0.00247071
0.00249032
0.00251076
0.00253282
0.00266237
0.00267949
0.00268379
0.00271241
0.00272091
0.00272738
0.00273383
0.00273809
0.00277972
0.00278573
0.00284002
0.00284454
0.00284569
0.0029192
0.00296116
0.00298358
0.0029861
0.00310575
0.00321159
0.00325503
0.00328909
0.00329624
0.00330905
0.00331335
0.00332587
0.00338155
0.00344283
0.00347437
0.00348441
0.0035477
0.00365517
0.00368313
0.00373028
0.00375304
0.00379383
0.00382952
0.0038317
0.00394083
0.00399955
0.00400726
0.00400999
0.00404497
0.00441453
0.00463194
0.00478825
0.00479256
0.00545292
0.00546216
0.00546805
0.00553983
0.00558494
0.00559602
0.00581108
0.00583512
0.00583724
0.00590937
0.00609965
0.00612146
0.00612722
0.00628205
0.00632171
0.00647713
0.00671649
0.00687547
0.00695375
0.00810285
0.00812512
0.00839233
0.00853
0.0087659
0.010124
0.0102987
0.0103592
0.015267
0.0183521
