7.63861e-05
0.000103274
0.000106579
0.000109629
0.000113378
0.000115862
0.000119338
0.000119604
0.000120366
0.000122062
0.000125473
0.000126406
0.0001282
0.000128449
0.000129635
0.000130329
0.000132242
0.000133369
0.000137062
0.000140415
0.000142801
0.000146006
0.000148833
0.000149319
0.000149694
0.000152735
0.00015306
0.000153365
0.0001536
0.000165462
0.000166043
0.000167327
0.000168301
0.000170912
0.000177171
0.000177557
0.000181778
0.000182104
0.00018268
0.000184543
0.000185656
0.000186901
0.000186951
0.00019009
0.000191274
0.000194152
0.000194829
0.000195504
0.000195821
0.000198444
0.000199969
0.000200012
0.000205996
0.0002065
0.000208549
0.00021203
0.000213392
0.000213403
0.000213772
0.000216996
0.000220987
0.000221434
0.000224128
0.000228257
0.000231033
0.000234794
0.000235945
0.000236825
0.000237215
0.000237805
0.000243048
0.000246129
0.000251741
0.000267029
0.000267316
0.00027295
0.000274417
0.000276212
0.000289563
0.00029382
0.000295255
0.000303793
0.000306222
0.000309444
0.00033094
0.000341974
0.000350298
0.000355262
0.000361244
0.000368045
0.000372169
0.000376694
0.000400104
0.000411013
0.000463569
0.000481949
0.000558406
0.000642377
0.000649442
0.00064957
