0.150759
0.157728
0.167479
0.171551
0.171858
0.175721
0.176455
0.177956
0.178122
0.17861
0.179146
0.179869
0.18117
0.18235
0.182833
0.186292
0.187609
0.191519
0.192607
0.192908
0.193358
0.195375
0.195567
0.197069
0.197612
0.197819
0.199157
0.200332
0.201562
0.203633
0.204378
0.205757
0.206471
0.206714
0.207879
0.208002
0.208275
0.208288
0.208439
0.208546
0.209121
0.210216
0.210842
0.212475
0.212517
0.213064
0.213574
0.213704
0.21437
0.216015
0.220643
0.221893
0.222049
0.222145
0.222329
0.224435
0.226063
0.227602
0.227663
0.227923
0.228294
0.229764
0.229771
0.230518
0.232435
0.232627
0.232917
0.233199
0.23332
0.235514
0.236124
0.237472
0.237936
0.238325
0.239159
0.240961
0.242141
0.246229
0.247903
0.248583
0.249178
0.251832
0.252195
0.252792
0.254734
0.256148
0.258622
0.262589
0.26328
0.263984
0.2747
0.279625
0.287182
0.289559
0.290288
0.298473
0.30355
0.322398
0.369639
0.406764
