0.518104
0.53877
0.547135
0.548542
0.55281
0.552828
0.553313
0.554623
0.556667
0.557493
0.569916
0.570439
0.573514
0.57473
0.57514
0.575415
0.575616
0.579067
0.579801
0.581657
0.584621
0.586099
0.586404
0.58822
0.589729
0.590372
0.592723
0.59328
0.593347
0.594453
0.596274
0.596483
0.597125
0.597561
0.599557
0.600243
0.60316
0.604313
0.605283
0.605396
0.605543
0.606407
0.610628
0.612413
0.613341
0.615572
0.616619
0.616827
0.61738
0.617397
0.618095
0.618429
0.620332
0.620402
0.622102
0.622275
0.625162
0.625282
0.62684
0.627162
0.627324
0.627877
0.630149
0.631882
0.633388
0.633935
0.63595
0.636185
0.636404
0.636952
0.637929
0.638342
0.639388
0.641683
0.642304
0.644289
0.646878
0.65195
0.653878
0.65407
0.660329
0.660421
0.66203
0.666424
0.674197
0.67459
0.675261
0.676936
0.683236
0.685059
0.692685
0.69516
0.69634
0.705648
0.706535
0.70864
0.712883
0.721234
0.727314
0.769548
