0.120676
0.123276
0.123937
0.125946
0.136219
0.139443
0.143115
0.143503
0.144353
0.145229
0.145912
0.145992
0.146084
0.146196
0.148091
0.148627
0.151566
0.151715
0.152984
0.153073
0.154181
0.154857
0.157442
0.15817
0.160259
0.163311
0.164115
0.165569
0.165573
0.166039
0.170027
0.17054
0.172185
0.172458
0.174414
0.176546
0.176704
0.181397
0.181462
0.181621
0.183665
0.187509
0.189536
0.190993
0.192848
0.19481
0.194913
0.196018
0.196072
0.197851
0.198673
0.199191
0.203946
0.204479
0.208923
0.209502
0.211483
0.212443
0.22035
0.224082
0.225068
0.225658
0.228995
0.237538
0.238265
0.24012
0.240187
0.240703
0.247168
0.249195
0.253757
0.254474
0.255241
0.258843
0.258907
0.278296
0.280844
0.283181
0.284554
0.28555
0.286819
0.289259
0.289522
0.289614
0.289829
0.292591
0.296627
0.297706
0.298877
0.298974
0.300998
0.301415
0.305105
0.31334
0.313504
0.324012
0.343899
0.352821
0.407823
0.493233
