0.00529866
0.00681147
0.00730435
0.0074815
0.00750287
0.00782828
0.00849505
0.00863887
0.00879313
0.00897721
0.00909733
0.00926233
0.00926996
0.00932872
0.00949244
0.00969058
0.00981548
0.0100343
0.0101309
0.0101972
0.010524
0.0108139
0.0111007
0.0112302
0.0115815
0.0116032
0.0117182
0.0117971
0.0119801
0.011992
0.0121755
0.0122107
0.0123462
0.0125512
0.0126024
0.012644
0.0127109
0.0129156
0.0129419
0.0130317
0.0132927
0.0133341
0.0134277
0.0134676
0.0136223
0.0136375
0.0139229
0.0139864
0.0141304
0.0141446
0.0141636
0.0144476
0.0145427
0.0147647
0.015157
0.0153733
0.0156772
0.0158684
0.0160152
0.0162124
0.0164131
0.0166801
0.0167628
0.0169911
0.0173618
0.0174843
0.0175852
0.0177601
0.0181548
0.0183718
0.0185384
0.0186983
0.0188037
0.0188772
0.0193052
0.0196029
0.0197097
0.0198723
0.020166
0.0207927
0.0209685
0.02113
0.0221575
0.0225219
0.0232532
0.023406
0.0241944
0.0249752
0.0259654
0.026555
0.0269392
0.0283621
0.0288333
0.033648
0.039197
0.0402624
0.041731
0.0432557
0.0718819
0.0984364
