0.0351294
0.0377358
0.0418377
0.0445208
0.0462148
0.0481275
0.0496124
0.0499311
0.050085
0.0501317
0.0503661
0.0505555
0.0511899
0.0514251
0.0515091
0.0520952
0.0521322
0.0522641
0.0523128
0.0527687
0.0527875
0.0528142
0.0533352
0.0540083
0.0544738
0.0547503
0.0548672
0.0558309
0.0566874
0.0568207
0.0582068
0.0583219
0.0594983
0.0597987
0.060922
0.0613807
0.0616855
0.0617305
0.0618956
0.0623501
0.0635183
0.0637343
0.063858
0.0647024
0.06498
0.0650165
0.0650735
0.0652806
0.0658919
0.06698
0.0671446
0.0675833
0.0679534
0.068231
0.069639
0.0698217
0.0701251
0.0704458
0.0709178
0.0710514
0.071208
0.0716275
0.0716851
0.0718572
0.0723571
0.0731647
0.0734087
0.074551
0.0748991
0.0751067
0.0757208
0.0776838
0.0779535
0.0794496
0.0795576
0.0796899
0.0797544
0.0798476
0.0818669
0.0819047
0.0828703
0.0829783
0.0835282
0.0835669
0.0853129
0.0856356
0.0860542
0.0861184
0.088303
0.089835
0.0968187
0.097092
0.0977851
0.0981758
0.0999396
0.101372
0.112723
0.113809
0.122381
0.171362
